
 ++++++++++++++++++++++++++++++++++++++++++++++++
 +++++++++++++++++++++++++++++++++++++++++++++++++++++++++++++++

 NREL-PhaseVI                            ***** XTurb-PSU  -  OUTPUT 1 *****
   Blade Number      BN =  2

   Solidity
   0.0519
                                  +    BLADE ELEMENT MOMENTUM THEORY (BEMT)   +

  PREDICTION
       BRADIUS [m]   RHOAIR [kg/m**3.]   MUAIR [kg/(m*s)]
       5.0300        1.2250              0.00001800
                                                      =>    Reynolds Number  
 =  RHOAIR*(VSEC*VWIND)*(c*BRADIUS)/MUAIR
       VWIND [m/s] RPM [1/min]   PITCH [deg]
       5.0000      72.0000       3.0000


   Number   TSR      PITCH [deg]      CT       CP       CPV      CB       CBV
        1   7.5851   3.0000           0.5348  -0.3227   0.0848  -0.1883  -0.0016

   "Thrust"   >   0      =>      Downwind Direction
   "Torque"   <   0      =>      Energy Extraction 
 (Wind Turbine)   =>   Power = Torque * TSR
   "Bending"  <   0      =>      Flap Bending towards Downwind

   r/R     Chord/R Twist[deg] AOA[deg]  PHI[deg]  CL
        CD       CL/CD    VSEC     VSECX    VSECY    VSECZ      Re
 ------------------------------------------------
 -------------------------------------------------------------------------
   0.2500   0.1465  24.8560   -0.2899   24.5661   0.1450   0.0133  10.8682   0.0000   0.0000   0.0000   0.0000          4.
   0.2750   0.1440  21.9732    0.5973   22.5704   0.2160   0.0136  15.8813   2.3022   0.8836   0.0000   2.1259     567326.
   0.3000   0.1414  19.1080    1.4668   20.5748   0.3184   0.0136  23.3499   2.4760   0.8701   0.0000   2.3180     599433.
   0.3250   0.1389  16.9803    2.0086   18.9889   0.3824   0.0137  27.8704   2.6513   0.8627   0.0000   2.5070     630402.
   0.3500   0.1364  15.2840    2.3591   17.6431   0.4238   0.0138  30.7742   2.8282   0.8572   0.0000   2.6952     660241.
   0.3750   0.1339  13.6465    2.7100   16.3565   0.4653   0.0138  33.6882   3.0062   0.8466   0.0000   2.8845     688799.
   0.4000   0.1313  12.2696    2.9581   15.2277   0.4946   0.0138  35.7509   3.1855   0.8367   0.0000   3.0736     716098.
   0.4250   0.1288  11.1749    3.0871   14.2620   0.5100   0.0138  36.8421   3.3659   0.8292   0.0000   3.2622     742106.
   0.4500   0.1263  10.0891    3.2441   13.3332   0.5288   0.0138  38.1807   3.5470   0.8180   0.0000   3.4514     766698.
   0.4750   0.1238   9.2610    3.2939   12.5549   0.5347   0.0139  38.6051   3.7291   0.8106   0.0000   3.6400     789934.
   0.5000   0.1212   8.5110    3.3329   11.8439   0.5394   0.0139  38.9373   3.9119   0.8029   0.0000   3.8286     811730.
   0.5250   0.1187   7.8890    3.3325   11.2215   0.5394   0.0139  38.9346   4.0954   0.7970   0.0000   4.0171     832085.
   0.5500   0.1162   7.3390    3.3212   10.6602   0.5380   0.0139  38.8382   4.2793   0.7916   0.0000   4.2055     850962.
   0.5750   0.1137   6.8225    3.3175   10.1400   0.5376   0.0139  38.8065   4.4638   0.7859   0.0000   4.3940     868332.
   0.6000   0.1111   6.4401    3.2636    9.7038   0.5311   0.0139  38.3474   4.6488   0.7836   0.0000   4.5823     884218.
   0.6250   0.1086   6.0578    3.2303    9.2881   0.5271   0.0138  38.0634   4.8341   0.7802   0.0000   4.7707     898558.
   0.6500   0.1061   5.7490    3.1744    8.9234   0.5205   0.0138  37.5866   5.0198   0.7786   0.0000   4.9590     911369.
   0.6750   0.1035   5.4813    3.1112    8.5925   0.5129   0.0138  37.0470   5.2058   0.7778   0.0000   5.1474     922629.
   0.7000   0.1010   5.2349    3.0493    8.2842   0.5055   0.0138  36.5193   5.3921   0.7769   0.0000   5.3358     932321.
   0.7250   0.0985   5.0263    2.9770    8.0033   0.4969   0.0138  35.9078   5.5786   0.7767   0.0000   5.5243     940444.
   0.7500   0.0960   4.8177    2.9136    7.7313   0.4894   0.0138  35.3815   5.7652   0.7756   0.0000   5.7128     946977.
   0.7750   0.0934   4.6256    2.8475    7.4731   0.4815   0.0138  34.8317   5.9520   0.7741   0.0000   5.9015     951920.
   0.8000   0.0909   4.4350    2.7847    7.2197   0.4741   0.0138  34.3097   6.1389   0.7715   0.0000   6.0903     955261.
   0.8250   0.0884   4.2462    2.7220    6.9681   0.4667   0.0138  33.7875   6.3259   0.7674   0.0000   6.2791     956992.
   0.8500   0.0859   4.0638    2.6521    6.7159   0.4584   0.0138  33.2056   6.5128   0.7616   0.0000   6.4681     957108.
   0.8750   0.0833   3.8818    2.5723    6.4541   0.4490   0.0138  32.5396   6.6997   0.7531   0.0000   6.6572     955594.
   0.9000   0.0808   3.7048    2.4690    6.1738   0.4367   0.0138  31.6811   6.8863   0.7406   0.0000   6.8464     952434.
   0.9250   0.0783   3.5277    2.3248    5.8526   0.4197   0.0138  30.4914   7.0724   0.7212   0.0000   7.0356     947590.
   0.9500   0.0758   3.3470    2.0948    5.4418   0.3926   0.0137  28.5861   7.2573   0.6882   0.0000   7.2245     940970.
   0.9750   0.0732   3.1731    1.6229    4.7960   0.3368   0.0137  24.6584   7.4378   0.6219   0.0000   7.4118     932218.
   1.0000   0.0707   3.0000    1.1503    4.1503   0.2810   0.0136  20.6780   0.0001   0.0000   0.0000   0.0001          7.

 ++++++++++++++++++++++++++++++++++++++++++++++++
 +++++++++++++++++++++++++++++++++++++++++++++++++++++++++++++++

 NREL-PhaseVI                            ***** XTurb-PSU  -  OUTPUT 1 *****
   Blade Number      BN =  2

   Solidity
   0.0519
                                  +    BLADE ELEMENT MOMENTUM THEORY (BEMT)   +

  PREDICTION
       BRADIUS [m]   RHOAIR [kg/m**3.]   MUAIR [kg/(m*s)]
       5.0300        1.2250              0.00001800
                                                      =>    Reynolds Number  
 =  RHOAIR*(VSEC*VWIND)*(c*BRADIUS)/MUAIR
       VWIND [m/s] RPM [1/min]   PITCH [deg]
       7.0000      72.0000       3.0000


   Number   TSR      PITCH [deg]      CT       CP       CPV      CB       CBV
        2   5.4179   3.0000           0.4979  -0.3495   0.0299  -0.1717  -0.0011

   "Thrust"   >   0      =>      Downwind Direction
   "Torque"   <   0      =>      Energy Extraction 
 (Wind Turbine)   =>   Power = Torque * TSR
   "Bending"  <   0      =>      Flap Bending towards Downwind

   r/R     Chord/R Twist[deg] AOA[deg]  PHI[deg]  CL
        CD       CL/CD    VSEC     VSECX    VSECY    VSECZ      Re
 ------------------------------------------------
 -------------------------------------------------------------------------
   0.2500   0.1465  24.8560    2.3791   27.2351   0.4261   0.0138  30.9396   0.0000   0.0000   0.0000   0.0000          5.
   0.2750   0.1440  21.9732    3.9268   25.8999   0.6094   0.0139  43.7810   1.7714   0.7738   0.0000   1.5935     611124.
   0.3000   0.1414  19.1080    5.4568   24.5648   0.7873   0.0127  62.0597   1.8902   0.7858   0.0000   1.7191     640674.
   0.3250   0.1389  16.9803    6.3101   23.2904   0.8838   0.0112  79.0735   2.0099   0.7947   0.0000   1.8461     669075.
   0.3500   0.1364  15.2840    6.8728   22.1568   0.9290   0.0129  71.8347   2.1305   0.8035   0.0000   1.9731     696297.
   0.3750   0.1339  13.6465    7.3628   21.0093   0.9603   0.0145  66.3992   2.2521   0.8074   0.0000   2.1024     722416.
   0.4000   0.1313  12.2696    7.6701   19.9397   0.9752   0.0156  62.5602   2.3751   0.8100   0.0000   2.2327     747485.
   0.4250   0.1288  11.1749    7.7722   18.9470   0.9789   0.0160  61.1559   2.4993   0.8115   0.0000   2.3639     771455.
   0.4500   0.1263  10.0891    7.8943   17.9834   0.9833   0.0165  59.5684   2.6244   0.8102   0.0000   2.4962     794165.
   0.4750   0.1238   9.2610    7.8383   17.0993   0.9812   0.0163  60.2841   2.7505   0.8087   0.0000   2.6289     815676.
   0.5000   0.1212   8.5110    7.7587   16.2697   0.9784   0.0160  61.3374   2.8774   0.8061   0.0000   2.7621     835881.
   0.5250   0.1187   7.8890    7.6149   15.5039   0.9732   0.0154  63.3517   3.0050   0.8032   0.0000   2.8956     854769.
   0.5500   0.1162   7.3390    7.4587   14.7977   0.9664   0.0148  65.4668   3.1333   0.8003   0.0000   3.0294     872290.
   0.5750   0.1137   6.8225    7.3265   14.1490   0.9579   0.0143  66.7618   3.2621   0.7974   0.0000   3.1632     888405.
   0.6000   0.1111   6.4401    7.1270   13.5671   0.9452   0.0137  68.8638   3.3916   0.7956   0.0000   3.2969     903129.
   0.6250   0.1086   6.0578    6.9595   13.0173   0.9346   0.0132  70.7812   3.5214   0.7932   0.0000   3.4309     916386.
   0.6500   0.1061   5.7490    6.7644   12.5133   0.9221   0.0126  73.2158   3.6517   0.7912   0.0000   3.5650     928187.
   0.6750   0.1035   5.4813    6.5629   12.0442   0.9093   0.0120  75.9888   3.7824   0.7893   0.0000   3.6992     938503.
   0.7000   0.1010   5.2349    6.3866   11.6215   0.8925   0.0114  78.1768   3.9135   0.7884   0.0000   3.8332     947327.
   0.7250   0.0985   5.0263    6.2099   11.2362   0.8725   0.0109  80.3068   4.0449   0.7882   0.0000   3.9673     954642.
   0.7500   0.0960   4.8177    6.0453   10.8630   0.8539   0.0104  82.4932   4.1765   0.7871   0.0000   4.1016     960413.
   0.7750   0.0934   4.6256    5.8792   10.5049   0.8352   0.0123  67.6840   4.3076   0.7854   0.0000   4.2354     964492.
   0.8000   0.0909   4.4350    5.7174   10.1524   0.8169   0.0125  65.4969   4.4394   0.7825   0.0000   4.3699     967115.
   0.8250   0.0884   4.2462    5.5552    9.8013   0.7985   0.0126  63.3518   4.5712   0.7782   0.0000   4.5045     968163.
   0.8500   0.0859   4.0638    5.3846    9.4483   0.7788   0.0127  61.1093   4.7031   0.7721   0.0000   4.6393     967627.
   0.8750   0.0833   3.8818    5.1996    9.0815   0.7572   0.0129  58.7159   4.8350   0.7632   0.0000   4.7744     965485.
   0.9000   0.0808   3.7048    4.9812    8.6860   0.7317   0.0131  55.9309   4.9667   0.7501   0.0000   4.9097     961712.
   0.9250   0.0783   3.5277    4.7009    8.2286   0.6994   0.0133  52.6948   5.0979   0.7296   0.0000   5.0454     956255.
   0.9500   0.0758   3.3470    4.2912    7.6382   0.6520   0.0136  47.8419   5.2278   0.6949   0.0000   5.1815     948973.
   0.9750   0.0732   3.1731    3.5102    6.6833   0.5606   0.0139  40.4426   5.3536   0.6231   0.0000   5.3172     939386.
   1.0000   0.0707   3.0000    2.7285    5.7285   0.4674   0.0138  33.8416   0.0000   0.0000   0.0000   0.0000          7.

 ++++++++++++++++++++++++++++++++++++++++++++++++
 +++++++++++++++++++++++++++++++++++++++++++++++++++++++++++++++

 NREL-PhaseVI                            ***** XTurb-PSU  -  OUTPUT 1 *****
   Blade Number      BN =  2

   Solidity
   0.0519
                                  +    BLADE ELEMENT MOMENTUM THEORY (BEMT)   +

  PREDICTION
       BRADIUS [m]   RHOAIR [kg/m**3.]   MUAIR [kg/(m*s)]
       5.0300        1.2250              0.00001800
                                                      =>    Reynolds Number  
 =  RHOAIR*(VSEC*VWIND)*(c*BRADIUS)/MUAIR
       VWIND [m/s] RPM [1/min]   PITCH [deg]
       9.0000      72.0000       3.0000


   Number   TSR      PITCH [deg]      CT       CP       CPV      CB       CBV
        3   4.2139   3.0000           0.3756  -0.2681   0.0309  -0.1310  -0.0023

   "Thrust"   >   0      =>      Downwind Direction
   "Torque"   <   0      =>      Energy Extraction 
 (Wind Turbine)   =>   Power = Torque * TSR
   "Bending"  <   0      =>      Flap Bending towards Downwind

   r/R     Chord/R Twist[deg] AOA[deg]  PHI[deg]  CL
        CD       CL/CD    VSEC     VSECX    VSECY    VSECZ      Re
 ------------------------------------------------
 -------------------------------------------------------------------------
   0.2500   0.1465  24.8560    3.3723   28.2283   0.5441   0.0139  39.2731   0.0000   0.0000   0.0000   0.0000          5.
   0.2750   0.1440  21.9732    7.1858   29.1589   0.9490   0.0139  68.2248   1.4947   0.7283   0.0000   1.3053     662991.
   0.3000   0.1414  19.1080   10.9816   30.0896   1.0297   0.0351  29.3688   1.5873   0.7958   0.0000   1.3734     691713.
   0.3250   0.1389  16.9803   12.6120   29.5923   1.0502   0.0480  21.8692   1.6759   0.8276   0.0000   1.4573     717269.
   0.3500   0.1364  15.2840   13.3056   28.5896   1.0624   0.0539  19.7049   1.7648   0.8445   0.0000   1.5496     741603.
   0.3750   0.1339  13.6465   13.7881   27.4346   1.0701   0.0583  18.3669   1.8546   0.8545   0.0000   1.6460     764871.
   0.4000   0.1313  12.2696   13.9892   26.2587   1.0731   0.0601  17.8471   1.9456   0.8608   0.0000   1.7448     787269.
   0.4250   0.1288  11.1749   13.9366   25.1115   1.0723   0.0596  17.9798   2.0379   0.8649   0.0000   1.8453     808773.
   0.4500   0.1263  10.0891   13.9120   24.0012   1.0720   0.0594  18.0426   2.1312   0.8669   0.0000   1.9469     829188.
   0.4750   0.1238   9.2610   13.6915   22.9525   1.0687   0.0574  18.6286   2.2256   0.8679   0.0000   2.0494     848591.
   0.5000   0.1212   8.5110   13.4497   21.9607   1.0649   0.0552  19.3072   2.3208   0.8679   0.0000   2.1524     866841.
   0.5250   0.1187   7.8890   13.1418   21.0308   1.0595   0.0525  20.1798   2.4169   0.8674   0.0000   2.2559     883911.
   0.5500   0.1162   7.3390   12.8180   20.1570   1.0538   0.0498  21.1814   2.5137   0.8662   0.0000   2.3597     899740.
   0.5750   0.1137   6.8225   12.5124   19.3349   1.0484   0.0472  22.2198   2.6111   0.8645   0.0000   2.4638     914273.
   0.6000   0.1111   6.4401   12.1298   18.5700   1.0408   0.0442  23.5317   2.7091   0.8628   0.0000   2.5681     927513.
   0.6250   0.1086   6.0578   11.7867   17.8445   1.0353   0.0415  24.9162   2.8076   0.8604   0.0000   2.6726     939383.
   0.6500   0.1061   5.7490   11.4082   17.1572   1.0311   0.0385  26.7530   2.9066   0.8574   0.0000   2.7773     949887.
   0.6750   0.1035   5.4813   11.0167   16.4980   1.0301   0.0353  29.1442   3.0061   0.8537   0.0000   2.8823     958987.
   0.7000   0.1010   5.2349   10.6607   15.8956   1.0222   0.0324  31.5081   3.1060   0.8507   0.0000   2.9872     966668.
   0.7250   0.0985   5.0263   10.2912   15.3175   1.0159   0.0305  33.2959   3.2060   0.8469   0.0000   3.0921     972850.
   0.7500   0.0960   4.8177    9.9385   14.7562   1.0121   0.0280  36.2057   3.3064   0.8422   0.0000   3.1974     977586.
   0.7750   0.0934   4.6256    9.5813   14.2070   1.0106   0.0253  40.0176   3.4071   0.8362   0.0000   3.3029     980837.
   0.8000   0.0909   4.4350    9.2341   13.6691   1.0095   0.0228  44.2355   3.5080   0.8290   0.0000   3.4087     982569.
   0.8250   0.0884   4.2462    8.8948   13.1409   1.0066   0.0207  48.6035   3.6090   0.8205   0.0000   3.5145     982768.
   0.8500   0.0859   4.0638    8.5555   12.6193   0.9996   0.0191  52.4189   3.7101   0.8106   0.0000   3.6205     981409.
   0.8750   0.0833   3.8818    8.1938   12.0756   0.9915   0.0177  56.1399   3.8111   0.7973   0.0000   3.7268     978466.
   0.9000   0.0808   3.7048    7.7846   11.4894   0.9793   0.0161  60.9899   3.9120   0.7792   0.0000   3.8337     973923.
   0.9250   0.0783   3.5277    7.2981   10.8258   0.9561   0.0143  67.0502   4.0126   0.7537   0.0000   3.9412     967724.
   0.9500   0.0758   3.3470    6.6236    9.9706   0.9132   0.0122  75.1229   4.1120   0.7120   0.0000   4.0499     959692.
   0.9750   0.0732   3.1731    5.5281    8.7012   0.7955   0.0126  62.9982   4.2068   0.6364   0.0000   4.1583     949052.
   1.0000   0.0707   3.0000    4.4318    7.4318   0.6684   0.0135  49.5778   0.0000   0.0000   0.0000   0.0000          7.

 ++++++++++++++++++++++++++++++++++++++++++++++++
 +++++++++++++++++++++++++++++++++++++++++++++++++++++++++++++++

 NREL-PhaseVI                            ***** XTurb-PSU  -  OUTPUT 1 *****
   Blade Number      BN =  2

   Solidity
   0.0519
                                  +    BLADE ELEMENT MOMENTUM THEORY (BEMT)   +

  PREDICTION
       BRADIUS [m]   RHOAIR [kg/m**3.]   MUAIR [kg/(m*s)]
       5.0300        1.2250              0.00001800
                                                      =>    Reynolds Number  
 =  RHOAIR*(VSEC*VWIND)*(c*BRADIUS)/MUAIR
       VWIND [m/s] RPM [1/min]   PITCH [deg]
      10.0000      72.0000       3.0000


   Number   TSR      PITCH [deg]      CT       CP       CPV      CB       CBV
        4   3.7925   3.0000           0.3221  -0.2265   0.0343  -0.1122  -0.0032

   "Thrust"   >   0      =>      Downwind Direction
   "Torque"   <   0      =>      Energy Extraction 
 (Wind Turbine)   =>   Power = Torque * TSR
   "Bending"  <   0      =>      Flap Bending towards Downwind

   r/R     Chord/R Twist[deg] AOA[deg]  PHI[deg]  CL
        CD       CL/CD    VSEC     VSECX    VSECY    VSECZ      Re
 ------------------------------------------------
 -------------------------------------------------------------------------
   0.2500   0.1465  24.8560    5.9101   30.7661   0.8386   0.0123  68.1068   0.0000   0.0000   0.0000   0.0000          5.
   0.2750   0.1440  21.9732    9.9688   31.9420   1.0123   0.0282  35.9160   1.4058   0.7438   0.0000   1.1930     692862.
   0.3000   0.1414  19.1080   14.0098   33.1178   1.0733   0.0603  17.7864   1.4872   0.8125   0.0000   1.2456     720080.
   0.3250   0.1389  16.9803   15.6549   32.6352   1.0842   0.0777  13.9476   1.5645   0.8437   0.0000   1.3175     744022.
   0.3500   0.1364  15.2840   16.3122   31.5962   1.0912   0.0850  12.8380   1.6424   0.8605   0.0000   1.3989     766827.
   0.3750   0.1339  13.6465   16.7485   30.3950   1.0941   0.0902  12.1254   1.7209   0.8707   0.0000   1.4844     788605.
   0.4000   0.1313  12.2696   16.8866   29.1562   1.0948   0.0919  11.9067   1.8007   0.8773   0.0000   1.5726     809609.
   0.4250   0.1288  11.1749   16.7596   27.9345   1.0941   0.0904  12.1076   1.8819   0.8816   0.0000   1.6626     829821.
   0.4500   0.1263  10.0891   16.6632   26.7524   1.0937   0.0892  12.2646   1.9639   0.8840   0.0000   1.7537     849014.
   0.4750   0.1238   9.2610   16.3665   25.6275   1.0917   0.0856  12.7505   2.0472   0.8854   0.0000   1.8458     867285.
   0.5000   0.1212   8.5110   16.0513   24.5623   1.0890   0.0820  13.2771   2.1312   0.8859   0.0000   1.9384     884469.
   0.5250   0.1187   7.8890   15.6718   23.5608   1.0844   0.0779  13.9178   2.2161   0.8858   0.0000   2.0314     900543.
   0.5500   0.1162   7.3390   15.2812   22.6202   1.0783   0.0739  14.5964   2.3018   0.8853   0.0000   2.1247     915434.
   0.5750   0.1137   6.8225   14.9094   21.7319   1.0729   0.0701  15.3008   2.3880   0.8842   0.0000   2.2183     929085.
   0.6000   0.1111   6.4401   14.4441   20.8843   1.0712   0.0653  16.4145   2.4750   0.8823   0.0000   2.3124     941512.
   0.6250   0.1086   6.0578   14.0159   20.0737   1.0732   0.0604  17.7656   2.5625   0.8795   0.0000   2.4068     952630.
   0.6500   0.1061   5.7490   13.5825   19.3315   1.0670   0.0564  18.9341   2.6505   0.8774   0.0000   2.5010     962406.
   0.6750   0.1035   5.4813   13.1515   18.6328   1.0597   0.0526  20.1511   2.7388   0.8751   0.0000   2.5953     970813.
   0.7000   0.1010   5.2349   12.7353   17.9702   1.0523   0.0491  21.4516   2.8276   0.8724   0.0000   2.6897     977825.
   0.7250   0.0985   5.0263   12.3146   17.3409   1.0445   0.0457  22.8792   2.9168   0.8694   0.0000   2.7842     983423.
   0.7500   0.0960   4.8177   11.9199   16.7376   1.0371   0.0426  24.3455   3.0062   0.8658   0.0000   2.8788     987573.
   0.7750   0.0934   4.6256   11.5252   16.1508   1.0316   0.0395  26.1251   3.0959   0.8612   0.0000   2.9737     990267.
   0.8000   0.0909   4.4350   11.1327   15.5677   1.0304   0.0363  28.3919   3.1858   0.8550   0.0000   3.0690     991480.
   0.8250   0.0884   4.2462   10.7598   15.0059   1.0245   0.0332  30.8116   3.2760   0.8482   0.0000   3.1643     991204.
   0.8500   0.0859   4.0638   10.3823   14.4461   1.0170   0.0312  32.6321   3.3662   0.8398   0.0000   3.2597     989369.
   0.8750   0.0833   3.8818    9.9754   13.8573   1.0123   0.0282  35.8535   3.4565   0.8278   0.0000   3.3559     986016.
   0.9000   0.0808   3.7048    9.5020   13.2068   1.0103   0.0247  40.9774   3.5467   0.8103   0.0000   3.4529     981089.
   0.9250   0.0783   3.5277    8.9124   12.4402   1.0070   0.0208  48.4213   3.6366   0.7834   0.0000   3.5512     974488.
   0.9500   0.0758   3.3470    8.0890   11.4360   0.9891   0.0173  57.2698   3.7250   0.7386   0.0000   3.6511     965964.
   0.9750   0.0732   3.1731    6.5925    9.7656   0.9112   0.0121  75.5637   3.8090   0.6461   0.0000   3.7538     954803.
   1.0000   0.0707   3.0000    5.0953    8.0953   0.7450   0.0130  57.3898   0.0000   0.0000   0.0000   0.0000          7.

 ++++++++++++++++++++++++++++++++++++++++++++++++
 +++++++++++++++++++++++++++++++++++++++++++++++++++++++++++++++

 NREL-PhaseVI                            ***** XTurb-PSU  -  OUTPUT 1 *****
   Blade Number      BN =  2

   Solidity
   0.0519
                                  +    BLADE ELEMENT MOMENTUM THEORY (BEMT)   +

  PREDICTION
       BRADIUS [m]   RHOAIR [kg/m**3.]   MUAIR [kg/(m*s)]
       5.0300        1.2250              0.00001800
                                                      =>    Reynolds Number  
 =  RHOAIR*(VSEC*VWIND)*(c*BRADIUS)/MUAIR
       VWIND [m/s] RPM [1/min]   PITCH [deg]
      11.0000      72.0000       3.0000


   Number   TSR      PITCH [deg]      CT       CP       CPV      CB       CBV
        5   3.4478   3.0000           0.2782  -0.1904   0.0373  -0.0969  -0.0044

   "Thrust"   >   0      =>      Downwind Direction
   "Torque"   <   0      =>      Energy Extraction 
 (Wind Turbine)   =>   Power = Torque * TSR
   "Bending"  <   0      =>      Flap Bending towards Downwind

   r/R     Chord/R Twist[deg] AOA[deg]  PHI[deg]  CL
        CD       CL/CD    VSEC     VSECX    VSECY    VSECZ      Re
 ------------------------------------------------
 -------------------------------------------------------------------------
   0.2500   0.1465  24.8560    8.5267   33.3827   0.9990   0.0189  52.7727   0.0000   0.0000   0.0000   0.0000          6.
   0.2750   0.1440  21.9732   12.7245   34.6977   1.0522   0.0490  21.4875   1.3356   0.7603   0.0000   1.0981     724092.
   0.3000   0.1414  19.1080   16.9046   36.0126   1.0948   0.0922  11.8789   1.4077   0.8277   0.0000   1.1387     749781.
   0.3250   0.1389  16.9803   18.5949   35.5752   1.0892   0.1172   9.2957   1.4758   0.8586   0.0000   1.2003     771990.
   0.3500   0.1364  15.2840   19.2724   34.5564   1.0790   0.1299   8.3084   1.5443   0.8759   0.0000   1.2718     793133.
   0.3750   0.1339  13.6465   19.6819   33.3284   1.0709   0.1385   7.7312   1.6135   0.8865   0.0000   1.3482     813338.
   0.4000   0.1313  12.2696   19.7524   32.0219   1.0693   0.1401   7.6325   1.6842   0.8931   0.0000   1.4280     832960.
   0.4250   0.1288  11.1749   19.5320   30.7069   1.0742   0.1351   7.9487   1.7565   0.8969   0.0000   1.5102     851970.
   0.4500   0.1263  10.0891   19.3544   29.4435   1.0775   0.1315   8.1936   1.8295   0.8993   0.0000   1.5932     869973.
   0.4750   0.1238   9.2610   18.9636   28.2246   1.0844   0.1238   8.7614   1.9037   0.9003   0.0000   1.6774     887175.
   0.5000   0.1212   8.5110   18.5610   27.0720   1.0896   0.1166   9.3478   1.9788   0.9006   0.0000   1.7620     903327.
   0.5250   0.1187   7.8890   18.0956   25.9846   1.0935   0.1090  10.0305   2.0547   0.9002   0.0000   1.8470     918421.
   0.5500   0.1162   7.3390   17.6228   24.9618   1.0954   0.1019  10.7467   2.1313   0.8994   0.0000   1.9322     932376.
   0.5750   0.1137   6.8225   17.1779   24.0004   1.0955   0.0958  11.4399   2.2084   0.8983   0.0000   2.0175     945130.
   0.6000   0.1111   6.4401   16.6569   23.0971   1.0937   0.0891  12.2750   2.2863   0.8969   0.0000   2.1030     956700.
   0.6250   0.1086   6.0578   16.1897   22.2475   1.0902   0.0836  13.0403   2.3646   0.8953   0.0000   2.1886     966980.
   0.6500   0.1061   5.7490   15.6996   21.4486   1.0847   0.0782  13.8694   2.4435   0.8935   0.0000   2.2743     975978.
   0.6750   0.1035   5.4813   15.2154   20.6967   1.0772   0.0732  14.7121   2.5228   0.8916   0.0000   2.3600     983652.
   0.7000   0.1010   5.2349   14.7414   19.9763   1.0721   0.0684  15.6773   2.6025   0.8891   0.0000   2.4459     989970.
   0.7250   0.0985   5.0263   14.2501   19.2764   1.0721   0.0631  17.0011   2.6826   0.8856   0.0000   2.5322     994928.
   0.7500   0.0960   4.8177   13.7927   18.6104   1.0702   0.0583  18.3546   2.7631   0.8818   0.0000   2.6186     998472.
   0.7750   0.0934   4.6256   13.3558   17.9815   1.0633   0.0543  19.5642   2.8438   0.8779   0.0000   2.7049    1000575.
   0.8000   0.0909   4.4350   12.9369   17.3719   1.0559   0.0508  20.8057   2.9247   0.8732   0.0000   2.7913    1001221.
   0.8250   0.0884   4.2462   12.5265   16.7726   1.0487   0.0473  22.1694   3.0058   0.8674   0.0000   2.8779    1000395.
   0.8500   0.0859   4.0638   12.1127   16.1765   1.0405   0.0441  23.5942   3.0871   0.8600   0.0000   2.9648     998069.
   0.8750   0.0833   3.8818   11.6784   15.5602   1.0338   0.0407  25.4022   3.1684   0.8499   0.0000   3.0523     994223.
   0.9000   0.0808   3.7048   11.1831   14.8879   1.0305   0.0367  28.0769   3.2497   0.8349   0.0000   3.1406     988820.
   0.9250   0.0783   3.5277   10.6031   14.1308   1.0208   0.0320  31.9292   3.3308   0.8132   0.0000   3.2300     981809.
   0.9500   0.0758   3.3470    9.7564   13.1034   1.0114   0.0266  38.0524   3.4107   0.7732   0.0000   3.3219     972907.
   0.9750   0.0732   3.1731    7.9718   11.1449   0.9861   0.0168  58.6103   3.4858   0.6738   0.0000   3.4201     961163.
   1.0000   0.0707   3.0000    6.1864    9.1864   0.8699   0.0108  80.6055   0.0000   0.0000   0.0000   0.0000          8.

 ++++++++++++++++++++++++++++++++++++++++++++++++
 +++++++++++++++++++++++++++++++++++++++++++++++++++++++++++++++

 NREL-PhaseVI                            ***** XTurb-PSU  -  OUTPUT 1 *****
   Blade Number      BN =  2

   Solidity
   0.0519
                                  +    BLADE ELEMENT MOMENTUM THEORY (BEMT)   +

  PREDICTION
       BRADIUS [m]   RHOAIR [kg/m**3.]   MUAIR [kg/(m*s)]
       5.0300        1.2250              0.00001800
                                                      =>    Reynolds Number  
 =  RHOAIR*(VSEC*VWIND)*(c*BRADIUS)/MUAIR
       VWIND [m/s] RPM [1/min]   PITCH [deg]
      13.0000      72.0000       3.0000


   Number   TSR      PITCH [deg]      CT       CP       CPV      CB       CBV
        6   2.9173   3.0000           0.2129  -0.1300   0.0433  -0.0740  -0.0075

   "Thrust"   >   0      =>      Downwind Direction
   "Torque"   <   0      =>      Energy Extraction 
 (Wind Turbine)   =>   Power = Torque * TSR
   "Bending"  <   0      =>      Flap Bending towards Downwind

   r/R     Chord/R Twist[deg] AOA[deg]  PHI[deg]  CL
        CD       CL/CD    VSEC     VSECX    VSECY    VSECZ      Re
 ------------------------------------------------
 -------------------------------------------------------------------------
   0.2500   0.1465  24.8560   12.7586   37.6146   1.0528   0.0493  21.3748   0.0000   0.0000   0.0000   0.0000          6.
   0.2750   0.1440  21.9732   17.7677   39.7409   1.0949   0.1041  10.5216   1.2319   0.7876   0.0000   0.9473     789273.
   0.3000   0.1414  19.1080   22.7592   41.8672   1.0219   0.2188   4.6711   1.2848   0.8575   0.0000   0.9568     808720.
   0.3250   0.1389  16.9803   24.2952   41.2756   0.9985   0.2595   3.8485   1.3395   0.8836   0.0000   1.0067     828091.
   0.3500   0.1364  15.2840   24.7802   40.0642   0.9912   0.2723   3.6399   1.3954   0.8981   0.0000   1.0679     846961.
   0.3750   0.1339  13.6465   25.0348   38.6813   0.9873   0.2790   3.5381   1.4516   0.9072   0.0000   1.1332     864766.
   0.4000   0.1313  12.2696   24.9786   37.2482   0.9881   0.2776   3.5601   1.5090   0.9133   0.0000   1.2012     881969.
   0.4250   0.1288  11.1749   24.6493   35.8242   0.9931   0.2688   3.6942   1.5676   0.9175   0.0000   1.2710     898588.
   0.4500   0.1263  10.0891   24.3621   34.4512   0.9975   0.2612   3.8185   1.6268   0.9203   0.0000   1.3415     914246.
   0.4750   0.1238   9.2610   23.8662   33.1272   1.0050   0.2481   4.0511   1.6872   0.9221   0.0000   1.4130     929231.
   0.5000   0.1212   8.5110   23.3548   31.8658   1.0128   0.2345   4.3182   1.7484   0.9230   0.0000   1.4849     943281.
   0.5250   0.1187   7.8890   22.7759   30.6649   1.0216   0.2192   4.6604   1.8105   0.9234   0.0000   1.5573     956413.
   0.5500   0.1162   7.3390   22.1865   29.5255   1.0306   0.2036   5.0618   1.8733   0.9232   0.0000   1.6300     968524.
   0.5750   0.1137   6.8225   21.6235   28.4461   1.0391   0.1887   5.5073   1.9367   0.9225   0.0000   1.7029     979534.
   0.6000   0.1111   6.4401   20.9791   27.4192   1.0489   0.1716   6.1122   2.0009   0.9214   0.0000   1.7761     989510.
   0.6250   0.1086   6.0578   20.3888   26.4465   1.0579   0.1560   6.7826   2.0656   0.9199   0.0000   1.8494     998277.
   0.6500   0.1061   5.7490   19.7685   25.5175   1.0689   0.1405   7.6102   2.1308   0.9179   0.0000   1.9230    1005845.
   0.6750   0.1035   5.4813   19.1490   24.6303   1.0812   0.1274   8.4868   2.1964   0.9154   0.0000   1.9966    1012092.
   0.7000   0.1010   5.2349   18.5575   23.7924   1.0897   0.1165   9.3534   2.2623   0.9126   0.0000   2.0700    1017007.
   0.7250   0.0985   5.0263   17.9728   22.9991   1.0943   0.1071  10.2185   2.3284   0.9098   0.0000   2.1434    1020583.
   0.7500   0.0960   4.8177   17.4270   22.2447   1.0957   0.0991  11.0532   2.3949   0.9066   0.0000   2.2167    1022790.
   0.7750   0.0934   4.6256   16.8969   21.5225   1.0948   0.0921  11.8908   2.4617   0.9031   0.0000   2.2900    1023619.
   0.8000   0.0909   4.4350   16.3910   20.8260   1.0919   0.0859  12.7113   2.5287   0.8990   0.0000   2.3634    1023041.
   0.8250   0.0884   4.2462   15.9017   20.1479   1.0873   0.0804  13.5271   2.5958   0.8941   0.0000   2.4370    1021036.
   0.8500   0.0859   4.0638   15.4151   19.4789   1.0807   0.0752  14.3674   2.6632   0.8881   0.0000   2.5108    1017582.
   0.8750   0.0833   3.8818   14.9209   18.8027   1.0730   0.0702  15.2759   2.7306   0.8801   0.0000   2.5849    1012648.
   0.9000   0.0808   3.7048   14.3681   18.0729   1.0715   0.0644  16.6396   2.7981   0.8680   0.0000   2.6601    1006204.
   0.9250   0.0783   3.5277   13.7237   17.2514   1.0692   0.0577  18.5406   2.8654   0.8498   0.0000   2.7364     998169.
   0.9500   0.0758   3.3470   12.8842   16.2312   1.0550   0.0503  20.9705   2.9317   0.8194   0.0000   2.8148     988307.
   0.9750   0.0732   3.1731   11.2316   14.4047   1.0307   0.0371  27.7808   2.9944   0.7449   0.0000   2.9002     975770.
   1.0000   0.0707   3.0000    9.5782   12.5782   1.0106   0.0252  40.0543   0.0000   0.0000   0.0000   0.0000          8.

 ++++++++++++++++++++++++++++++++++++++++++++++++
 +++++++++++++++++++++++++++++++++++++++++++++++++++++++++++++++

 NREL-PhaseVI                            ***** XTurb-PSU  -  OUTPUT 1 *****
   Blade Number      BN =  2

   Solidity
   0.0519
                                  +    BLADE ELEMENT MOMENTUM THEORY (BEMT)   +

  PREDICTION
       BRADIUS [m]   RHOAIR [kg/m**3.]   MUAIR [kg/(m*s)]
       5.0300        1.2250              0.00001800
                                                      =>    Reynolds Number  
 =  RHOAIR*(VSEC*VWIND)*(c*BRADIUS)/MUAIR
       VWIND [m/s] RPM [1/min]   PITCH [deg]
      15.0000      72.0000       3.0000


   Number   TSR      PITCH [deg]      CT       CP       CPV      CB       CBV
        7   2.5284   3.0000           0.1696  -0.0871   0.0463  -0.0586  -0.0108

   "Thrust"   >   0      =>      Downwind Direction
   "Torque"   <   0      =>      Energy Extraction 
 (Wind Turbine)   =>   Power = Torque * TSR
   "Bending"  <   0      =>      Flap Bending towards Downwind

   r/R     Chord/R Twist[deg] AOA[deg]  PHI[deg]  CL
        CD       CL/CD    VSEC     VSECX    VSECY    VSECZ      Re
 ------------------------------------------------
 -------------------------------------------------------------------------
   0.2500   0.1465  24.8560   18.8536   43.7096   1.0858   0.1218   8.9146   0.0000   0.0000   0.0000   0.0000          7.
   0.2750   0.1440  21.9732   23.2387   45.2119   1.0146   0.2315   4.3832   1.1514   0.8172   0.0000   0.8111     851202.
   0.3000   0.1414  19.1080   27.6062   46.7142   0.9482   0.3472   2.7313   1.1991   0.8729   0.0000   0.8222     870927.
   0.3250   0.1389  16.9803   28.9722   45.9525   0.9274   0.3834   2.4193   1.2468   0.8962   0.0000   0.8669     889385.
   0.3500   0.1364  15.2840   29.3746   44.6586   0.9213   0.3940   2.3383   1.2941   0.9096   0.0000   0.9205     906352.
   0.3750   0.1339  13.6465   29.5675   43.2140   0.9184   0.3991   2.3011   1.3411   0.9183   0.0000   0.9774     921867.
   0.4000   0.1313  12.2696   29.4547   41.7243   0.9201   0.3961   2.3227   1.3888   0.9243   0.0000   1.0366     936630.
   0.4250   0.1288  11.1749   29.0682   40.2431   0.9260   0.3859   2.3996   1.4374   0.9286   0.0000   1.0972     950768.
   0.4500   0.1263  10.0891   28.7203   38.8094   0.9313   0.3767   2.4723   1.4866   0.9317   0.0000   1.1584     963963.
   0.4750   0.1238   9.2610   28.1612   37.4222   0.9398   0.3619   2.5970   1.5367   0.9338   0.0000   1.2204     976533.
   0.5000   0.1212   8.5110   27.5839   36.0949   0.9485   0.3466   2.7369   1.5875   0.9352   0.0000   1.2828     988238.
   0.5250   0.1187   7.8890   26.9373   34.8263   0.9584   0.3294   2.9090   1.6391   0.9361   0.0000   1.3455     999103.
   0.5500   0.1162   7.3390   26.2786   33.6176   0.9684   0.3120   3.1038   1.6914   0.9364   0.0000   1.4085    1009032.
   0.5750   0.1137   6.8225   25.6455   32.4680   0.9780   0.2952   3.3127   1.7443   0.9364   0.0000   1.4716    1017948.
   0.6000   0.1111   6.4401   24.9308   31.3709   0.9889   0.2763   3.5791   1.7979   0.9360   0.0000   1.5351    1025913.
   0.6250   0.1086   6.0578   24.2701   30.3278   0.9989   0.2588   3.8599   1.8520   0.9352   0.0000   1.5986    1032756.
   0.6500   0.1061   5.7490   23.5838   29.3328   1.0093   0.2406   4.1949   1.9067   0.9341   0.0000   1.6622    1038514.
   0.6750   0.1035   5.4813   22.9019   28.3832   1.0197   0.2225   4.5820   1.9619   0.9326   0.0000   1.7261    1043121.
   0.7000   0.1010   5.2349   22.2410   27.4759   1.0297   0.2050   5.0222   2.0175   0.9308   0.0000   1.7900    1046525.
   0.7250   0.0985   5.0263   21.5800   26.6063   1.0398   0.1875   5.5446   2.0736   0.9287   0.0000   1.8540    1048713.
   0.7500   0.0960   4.8177   20.9537   25.7714   1.0493   0.1709   6.1385   2.1300   0.9261   0.0000   1.9182    1049619.
   0.7750   0.0934   4.6256   20.3402   24.9658   1.0586   0.1547   6.8438   2.1868   0.9230   0.0000   1.9825    1049235.
   0.8000   0.0909   4.4350   19.7454   24.1804   1.0695   0.1399   7.6421   2.2439   0.9191   0.0000   2.0470    1047484.
   0.8250   0.0884   4.2462   19.1637   23.4099   1.0810   0.1277   8.4652   2.3010   0.9142   0.0000   2.1116    1044299.
   0.8500   0.0859   4.0638   18.5889   22.6526   1.0892   0.1171   9.3050   2.3582   0.9083   0.0000   2.1763    1039681.
   0.8750   0.0833   3.8818   18.0132   21.8951   1.0941   0.1077  10.1587   2.4155   0.9008   0.0000   2.2413    1033597.
   0.9000   0.0808   3.7048   17.4074   21.1122   1.0957   0.0989  11.0827   2.4728   0.8907   0.0000   2.3068    1026010.
   0.9250   0.0783   3.5277   16.7263   20.2541   1.0940   0.0900  12.1613   2.5297   0.8758   0.0000   2.3733    1016830.
   0.9500   0.0758   3.3470   15.8490   19.1960   1.0866   0.0798  13.6146   2.5858   0.8502   0.0000   2.4421    1005831.
   0.9750   0.0732   3.1731   14.2138   17.3869   1.0723   0.0626  17.1154   2.6386   0.7885   0.0000   2.5181     992129.
   1.0000   0.0707   3.0000   12.5778   15.5778   1.0496   0.0477  21.9880   0.0000   0.0000   0.0000   0.0000          8.

 ++++++++++++++++++++++++++++++++++++++++++++++++
 +++++++++++++++++++++++++++++++++++++++++++++++++++++++++++++++

 NREL-PhaseVI                            ***** XTurb-PSU  -  OUTPUT 1 *****
   Blade Number      BN =  2

   Solidity
   0.0519
                                  +    BLADE ELEMENT MOMENTUM THEORY (BEMT)   +

  PREDICTION
       BRADIUS [m]   RHOAIR [kg/m**3.]   MUAIR [kg/(m*s)]
       5.0300        1.2250              0.00001800
                                                      =>    Reynolds Number  
 =  RHOAIR*(VSEC*VWIND)*(c*BRADIUS)/MUAIR
       VWIND [m/s] RPM [1/min]   PITCH [deg]
      17.0000      72.0000       3.0000


   Number   TSR      PITCH [deg]      CT       CP       CPV      CB       CBV
        8   2.2309   3.0000           0.1403  -0.0575   0.0468  -0.0479  -0.0140

   "Thrust"   >   0      =>      Downwind Direction
   "Torque"   <   0      =>      Energy Extraction 
 (Wind Turbine)   =>   Power = Torque * TSR
   "Bending"  <   0      =>      Flap Bending towards Downwind

   r/R     Chord/R Twist[deg] AOA[deg]  PHI[deg]  CL
        CD       CL/CD    VSEC     VSECX    VSECY    VSECZ      Re
 ------------------------------------------------
 -------------------------------------------------------------------------
   0.2500   0.1465  24.8560   23.6121   48.4681   1.0089   0.2414   4.1801   0.0000   0.0000   0.0000   0.0000          8.
   0.2750   0.1440  21.9732   27.6120   49.5852   0.9481   0.3473   2.7298   1.0927   0.8320   0.0000   0.7084     915534.
   0.3000   0.1414  19.1080   31.5942   50.7022   0.8876   0.4528   1.9602   1.1389   0.8813   0.0000   0.7213     937443.
   0.3250   0.1389  16.9803   32.8884   49.8687   0.8679   0.4871   1.7819   1.1813   0.9032   0.0000   0.7614     954980.
   0.3500   0.1364  15.2840   33.2704   48.5544   0.8621   0.4972   1.7339   1.2222   0.9162   0.0000   0.8090     970116.
   0.3750   0.1339  13.6465   33.4519   47.0984   0.8594   0.5020   1.7118   1.2623   0.9247   0.0000   0.8593     983402.
   0.4000   0.1313  12.2696   33.3264   45.5960   0.8613   0.4987   1.7271   1.3028   0.9308   0.0000   0.9116     995769.
   0.4250   0.1288  11.1749   32.9222   44.0970   0.8674   0.4880   1.7775   1.3439   0.9352   0.0000   0.9652    1007449.
   0.4500   0.1263  10.0891   32.5501   42.6392   0.8731   0.4781   1.8260   1.3854   0.9385   0.0000   1.0192    1018177.
   0.4750   0.1238   9.2610   31.9613   41.2223   0.8820   0.4625   1.9069   1.4278   0.9409   0.0000   1.0739    1028311.
   0.5000   0.1212   8.5110   31.3489   39.8599   0.8913   0.4463   1.9971   1.4708   0.9426   0.0000   1.1290    1037631.
   0.5250   0.1187   7.8890   30.6629   38.5519   0.9018   0.4281   2.1062   1.5144   0.9438   0.0000   1.1844    1046175.
   0.5500   0.1162   7.3390   29.9611   37.3001   0.9124   0.4095   2.2279   1.5587   0.9446   0.0000   1.2399    1053855.
   0.5750   0.1137   6.8225   29.2819   36.1044   0.9227   0.3916   2.3566   1.6036   0.9449   0.0000   1.2956    1060598.
   0.6000   0.1111   6.4401   28.5191   34.9592   0.9343   0.3713   2.5161   1.6491   0.9449   0.0000   1.3515    1066467.
   0.6250   0.1086   6.0578   27.8085   33.8663   0.9451   0.3525   2.6810   1.6951   0.9446   0.0000   1.4075    1071294.
   0.6500   0.1061   5.7490   27.0715   32.8204   0.9563   0.3330   2.8719   1.7417   0.9440   0.0000   1.4637    1075111.
   0.6750   0.1035   5.4813   26.3382   31.8195   0.9675   0.3136   3.0853   1.7887   0.9431   0.0000   1.5199    1077852.
   0.7000   0.1010   5.2349   25.6257   30.8606   0.9783   0.2947   3.3196   1.8362   0.9419   0.0000   1.5762    1079462.
   0.7250   0.0985   5.0263   24.9136   29.9399   0.9891   0.2758   3.5859   1.8841   0.9403   0.0000   1.6327    1079924.
   0.7500   0.0960   4.8177   24.2368   29.0545   0.9994   0.2579   3.8751   1.9324   0.9384   0.0000   1.6892    1079171.
   0.7750   0.0934   4.6256   23.5739   28.1996   1.0095   0.2403   4.2001   1.9810   0.9361   0.0000   1.7458    1077186.
   0.8000   0.0909   4.4350   22.9355   27.3705   1.0192   0.2234   4.5614   2.0299   0.9332   0.0000   1.8026    1073926.
   0.8250   0.0884   4.2462   22.3147   26.5608   1.0286   0.2070   4.9694   2.0790   0.9296   0.0000   1.8596    1069360.
   0.8500   0.0859   4.0638   21.6975   25.7613   1.0380   0.1906   5.4447   2.1284   0.9250   0.0000   1.9168    1063460.
   0.8750   0.0833   3.8818   21.0766   24.9584   1.0474   0.1742   6.0130   2.1779   0.9190   0.0000   1.9745    1056185.
   0.9000   0.0808   3.7048   20.4230   24.1278   1.0574   0.1569   6.7400   2.2275   0.9106   0.0000   2.0329    1047498.
   0.9250   0.0783   3.5277   19.6859   23.2136   1.0708   0.1386   7.7255   2.2770   0.8975   0.0000   2.0927    1037277.
   0.9500   0.0758   3.3470   18.7395   22.0865   1.0873   0.1198   9.0791   2.3256   0.8744   0.0000   2.1549    1025198.
   0.9750   0.0732   3.1731   17.0781   20.2513   1.0954   0.0944  11.6026   2.3708   0.8206   0.0000   2.2243    1010304.
   1.0000   0.0707   3.0000   15.4160   18.4160   1.0807   0.0752  14.3658   0.0000   0.0000   0.0000   0.0000          8.

 ++++++++++++++++++++++++++++++++++++++++++++++++
 +++++++++++++++++++++++++++++++++++++++++++++++++++++++++++++++

 NREL-PhaseVI                            ***** XTurb-PSU  -  OUTPUT 1 *****
   Blade Number      BN =  2

   Solidity
   0.0519
                                  +    BLADE ELEMENT MOMENTUM THEORY (BEMT)   +

  PREDICTION
       BRADIUS [m]   RHOAIR [kg/m**3.]   MUAIR [kg/(m*s)]
       5.0300        1.2250              0.00001800
                                                      =>    Reynolds Number  
 =  RHOAIR*(VSEC*VWIND)*(c*BRADIUS)/MUAIR
       VWIND [m/s] RPM [1/min]   PITCH [deg]
      19.0000      72.0000       3.0000


   Number   TSR      PITCH [deg]      CT       CP       CPV      CB       CBV
        9   1.9961   3.0000           0.1203  -0.0379   0.0453  -0.0406  -0.0167

   "Thrust"   >   0      =>      Downwind Direction
   "Torque"   <   0      =>      Energy Extraction 
 (Wind Turbine)   =>   Power = Torque * TSR
   "Bending"  <   0      =>      Flap Bending towards Downwind

   r/R     Chord/R Twist[deg] AOA[deg]  PHI[deg]  CL
        CD       CL/CD    VSEC     VSECX    VSECY    VSECZ      Re
 ------------------------------------------------
 -------------------------------------------------------------------------
   0.2500   0.1465  24.8560   27.3924   52.2484   0.9515   0.3415   2.7861   0.0000   0.0000   0.0000   0.0000          8.
   0.2750   0.1440  21.9732   31.1699   53.1430   0.8940   0.4416   2.0247   1.0501   0.8402   0.0000   0.6298     983293.
   0.3000   0.1414  19.1080   34.9296   54.0376   0.8369   0.5412   1.5465   1.0947   0.8861   0.0000   0.6429    1007138.
   0.3250   0.1389  16.9803   36.2057   53.1861   0.8175   0.5750   1.4218   1.1331   0.9072   0.0000   0.6790    1023848.
   0.3500   0.1364  15.2840   36.6034   51.8874   0.8115   0.5855   1.3859   1.1693   0.9200   0.0000   0.7217    1037273.
   0.3750   0.1339  13.6465   36.8044   50.4509   0.8084   0.5908   1.3683   1.2042   0.9285   0.0000   0.7667    1048435.
   0.4000   0.1313  12.2696   36.6945   48.9640   0.8101   0.5879   1.3779   1.2391   0.9346   0.0000   0.8135    1058492.
   0.4250   0.1288  11.1749   36.2994   47.4743   0.8161   0.5775   1.4133   1.2745   0.9393   0.0000   0.8615    1067777.
   0.4500   0.1263  10.0891   35.9288   46.0180   0.8217   0.5676   1.4476   1.3101   0.9427   0.0000   0.9098    1076077.
   0.4750   0.1238   9.2610   35.3349   44.5959   0.8308   0.5519   1.5053   1.3464   0.9453   0.0000   0.9588    1083796.
   0.5000   0.1212   8.5110   34.7108   43.2218   0.8402   0.5354   1.5695   1.3833   0.9473   0.0000   1.0080    1090731.
   0.5250   0.1187   7.8890   34.0075   41.8965   0.8509   0.5167   1.6467   1.4208   0.9488   0.0000   1.0575    1096938.
   0.5500   0.1162   7.3390   33.2836   40.6226   0.8619   0.4976   1.7323   1.4588   0.9498   0.0000   1.1073    1102338.
   0.5750   0.1137   6.8225   32.5781   39.4006   0.8726   0.4789   1.8223   1.4974   0.9504   0.0000   1.1571    1106866.
   0.6000   0.1111   6.4401   31.7856   38.2258   0.8847   0.4579   1.9321   1.5366   0.9508   0.0000   1.2071    1110587.
   0.6250   0.1086   6.0578   31.0427   37.1005   0.8960   0.4382   2.0447   1.5762   0.9508   0.0000   1.2571    1113336.
   0.6500   0.1061   5.7490   30.2710   36.0200   0.9077   0.4178   2.1728   1.6164   0.9505   0.0000   1.3073    1115144.
   0.6750   0.1035   5.4813   29.5015   34.9828   0.9194   0.3974   2.3137   1.6570   0.9500   0.0000   1.3576    1115944.
   0.7000   0.1010   5.2349   28.7516   33.9865   0.9308   0.3775   2.4656   1.6980   0.9492   0.0000   1.4080    1115682.
   0.7250   0.0985   5.0263   28.0013   33.0276   0.9422   0.3576   2.6346   1.7395   0.9481   0.0000   1.4584    1114336.
   0.7500   0.0960   4.8177   27.2861   32.1038   0.9531   0.3387   2.8140   1.7813   0.9467   0.0000   1.5089    1111838.
   0.7750   0.0934   4.6256   26.5850   31.2107   0.9637   0.3201   3.0106   1.8234   0.9449   0.0000   1.5595    1108167.
   0.8000   0.0909   4.4350   25.9091   30.3441   0.9740   0.3022   3.2229   1.8658   0.9426   0.0000   1.6102    1103274.
   0.8250   0.0884   4.2462   25.2521   29.4982   0.9840   0.2848   3.4549   1.9085   0.9397   0.0000   1.6611    1097122.
   0.8500   0.0859   4.0638   24.6011   28.6649   0.9939   0.2676   3.7146   1.9513   0.9360   0.0000   1.7121    1089675.
   0.8750   0.0833   3.8818   23.9500   27.8319   1.0038   0.2503   4.0101   1.9942   0.9311   0.0000   1.7635    1080879.
   0.9000   0.0808   3.7048   23.2727   26.9775   1.0141   0.2324   4.3640   2.0372   0.9241   0.0000   1.8155    1070670.
   0.9250   0.0783   3.5277   22.5299   26.0577   1.0254   0.2127   4.8208   2.0799   0.9136   0.0000   1.8684    1058934.
   0.9500   0.0758   3.3470   21.6081   24.9551   1.0394   0.1883   5.5204   2.1218   0.8952   0.0000   1.9237    1045435.
   0.9750   0.0732   3.1731   19.9936   23.1668   1.0639   0.1455   7.3110   2.1616   0.8504   0.0000   1.9873    1029517.
   1.0000   0.0707   3.0000   18.3784   21.3784   1.0913   0.1135   9.6127   0.0000   0.0000   0.0000   0.0000          8.

 ++++++++++++++++++++++++++++++++++++++++++++++++
 +++++++++++++++++++++++++++++++++++++++++++++++++++++++++++++++

 NREL-PhaseVI                            ***** XTurb-PSU  -  OUTPUT 1 *****
   Blade Number      BN =  2

   Solidity
   0.0519
                                  +    BLADE ELEMENT MOMENTUM THEORY (BEMT)   +

  PREDICTION
       BRADIUS [m]   RHOAIR [kg/m**3.]   MUAIR [kg/(m*s)]
       5.0300        1.2250              0.00001800
                                                      =>    Reynolds Number  
 =  RHOAIR*(VSEC*VWIND)*(c*BRADIUS)/MUAIR
       VWIND [m/s] RPM [1/min]   PITCH [deg]
      21.0000      72.0000       3.0000


   Number   TSR      PITCH [deg]      CT       CP       CPV      CB       CBV
       10   1.8060   3.0000           0.1066  -0.0254   0.0425  -0.0355  -0.0191

   "Thrust"   >   0      =>      Downwind Direction
   "Torque"   <   0      =>      Energy Extraction 
 (Wind Turbine)   =>   Power = Torque * TSR
   "Bending"  <   0      =>      Flap Bending towards Downwind

   r/R     Chord/R Twist[deg] AOA[deg]  PHI[deg]  CL
        CD       CL/CD    VSEC     VSECX    VSECY    VSECZ      Re
 ------------------------------------------------
 -------------------------------------------------------------------------
   0.2500   0.1465  24.8560   30.4828   55.3388   0.9045   0.4234   2.1364   0.0000   0.0000   0.0000   0.0000          9.
   0.2750   0.1440  21.9732   34.1276   56.1007   0.8491   0.5199   1.6331   1.0179   0.8449   0.0000   0.5677    1053523.
   0.3000   0.1414  19.1080   37.7547   56.8627   0.7940   0.6160   1.2889   1.0614   0.8888   0.0000   0.5802    1079251.
   0.3250   0.1389  16.9803   39.0433   56.0237   0.7744   0.6501   1.1911   1.0967   0.9095   0.0000   0.6129    1095256.
   0.3500   0.1364  15.2840   39.4773   54.7613   0.7678   0.6616   1.1605   1.1291   0.9222   0.0000   0.6515    1107106.
   0.3750   0.1339  13.6465   39.7160   53.3625   0.7642   0.6680   1.1440   1.1600   0.9308   0.0000   0.6922    1116267.
   0.4000   0.1313  12.2696   39.6395   51.9090   0.7653   0.6659   1.1493   1.1906   0.9370   0.0000   0.7345    1124116.
   0.4250   0.1288  11.1749   39.2710   50.4459   0.7709   0.6562   1.1749   1.2215   0.9418   0.0000   0.7778    1131091.
   0.4500   0.1263  10.0891   38.9197   49.0088   0.7763   0.6469   1.2001   1.2525   0.9454   0.0000   0.8215    1137024.
   0.4750   0.1238   9.2610   38.3379   47.5989   0.7851   0.6315   1.2434   1.2840   0.9482   0.0000   0.8658    1142372.
   0.5000   0.1212   8.5110   37.7193   46.2303   0.7945   0.6151   1.2918   1.3160   0.9504   0.0000   0.9104    1146949.
   0.5250   0.1187   7.8890   37.0155   44.9045   0.8052   0.5964   1.3501   1.3486   0.9520   0.0000   0.9552    1150831.
   0.5500   0.1162   7.3390   36.2857   43.6247   0.8163   0.5771   1.4145   1.3817   0.9533   0.0000   1.0002    1153948.
   0.5750   0.1137   6.8225   35.5695   42.3921   0.8272   0.5581   1.4821   1.4152   0.9541   0.0000   1.0452    1156244.
   0.6000   0.1111   6.4401   34.7625   41.2027   0.8395   0.5367   1.5640   1.4493   0.9547   0.0000   1.0904    1157792.
   0.6250   0.1086   6.0578   34.0015   40.0593   0.8510   0.5166   1.6474   1.4838   0.9550   0.0000   1.1357    1158425.
   0.6500   0.1061   5.7490   33.2089   38.9578   0.8631   0.4956   1.7415   1.5189   0.9550   0.0000   1.1811    1158180.
   0.6750   0.1035   5.4813   32.4159   37.8973   0.8751   0.4746   1.8440   1.5543   0.9547   0.0000   1.2265    1156990.
   0.7000   0.1010   5.2349   31.6408   36.8757   0.8869   0.4540   1.9533   1.5902   0.9542   0.0000   1.2721    1154798.
   0.7250   0.0985   5.0263   30.8637   35.8900   0.8987   0.4335   2.0733   1.6264   0.9535   0.0000   1.3176    1151583.
   0.7500   0.0960   4.8177   30.1207   34.9384   0.9100   0.4138   2.1992   1.6630   0.9524   0.0000   1.3633    1147274.
   0.7750   0.0934   4.6256   29.3913   34.0169   0.9211   0.3945   2.3351   1.6999   0.9510   0.0000   1.4090    1141847.
   0.8000   0.0909   4.4350   28.6869   33.1219   0.9318   0.3758   2.4795   1.7371   0.9492   0.0000   1.4548    1135251.
   0.8250   0.0884   4.2462   28.0020   32.2481   0.9422   0.3576   2.6344   1.7744   0.9468   0.0000   1.5007    1127442.
   0.8500   0.0859   4.0638   27.3243   31.3881   0.9525   0.3397   2.8039   1.8120   0.9437   0.0000   1.5468    1118376.
   0.8750   0.0833   3.8818   26.6491   30.5309   0.9628   0.3218   2.9917   1.8495   0.9396   0.0000   1.5931    1107988.
   0.9000   0.0808   3.7048   25.9522   29.6569   0.9733   0.3033   3.2087   1.8871   0.9337   0.0000   1.6399    1096193.
   0.9250   0.0783   3.5277   25.1987   28.7265   0.9848   0.2834   3.4750   1.9242   0.9248   0.0000   1.6874    1082835.
   0.9500   0.0758   3.3470   24.2879   27.6349   0.9986   0.2593   3.8518   1.9604   0.9093   0.0000   1.7367    1067563.
   0.9750   0.0732   3.1731   22.7672   25.9403   1.0217   0.2190   4.6660   1.9932   0.8719   0.0000   1.7924    1049232.
   1.0000   0.0707   3.0000   21.2457   24.2457   1.0449   0.1787   5.8479   0.0000   0.0000   0.0000   0.0000          8.

 ++++++++++++++++++++++++++++++++++++++++++++++++
 +++++++++++++++++++++++++++++++++++++++++++++++++++++++++++++++

 NREL-PhaseVI                            ***** XTurb-PSU  -  OUTPUT 1 *****
   Blade Number      BN =  2

   Solidity
   0.0519
                                  +    BLADE ELEMENT MOMENTUM THEORY (BEMT)   +

  PREDICTION
       BRADIUS [m]   RHOAIR [kg/m**3.]   MUAIR [kg/(m*s)]
       5.0300        1.2250              0.00001800
                                                      =>    Reynolds Number  
 =  RHOAIR*(VSEC*VWIND)*(c*BRADIUS)/MUAIR
       VWIND [m/s] RPM [1/min]   PITCH [deg]
      23.0000      72.0000       3.0000


   Number   TSR      PITCH [deg]      CT       CP       CPV      CB       CBV
       11   1.6489   3.0000           0.0969  -0.0172   0.0391  -0.0319  -0.0210

   "Thrust"   >   0      =>      Downwind Direction
   "Torque"   <   0      =>      Energy Extraction 
 (Wind Turbine)   =>   Power = Torque * TSR
   "Bending"  <   0      =>      Flap Bending towards Downwind

   r/R     Chord/R Twist[deg] AOA[deg]  PHI[deg]  CL
        CD       CL/CD    VSEC     VSECX    VSECY    VSECZ      Re
 ------------------------------------------------
 -------------------------------------------------------------------------
   0.2500   0.1465  24.8560   33.0604   57.9164   0.8653   0.4916   1.7600   0.0000   0.0000   0.0000   0.0000         10.
   0.2750   0.1440  21.9732   36.6258   58.5990   0.8111   0.5861   1.3840   0.9930   0.8476   0.0000   0.5174    1125609.
   0.3000   0.1414  19.1080   40.1736   59.2816   0.7572   0.6801   1.1134   1.0355   0.8902   0.0000   0.5290    1153242.
   0.3250   0.1389  16.9803   41.4918   58.4721   0.7372   0.7150   1.0310   1.0685   0.9108   0.0000   0.5587    1168672.
   0.3500   0.1364  15.2840   41.9733   57.2573   0.7299   0.7278   1.0029   1.0980   0.9235   0.0000   0.5939    1179081.
   0.3750   0.1339  13.6465   42.2601   55.9066   0.7255   0.7354   0.9866   1.1256   0.9321   0.0000   0.6309    1186362.
   0.4000   0.1313  12.2696   42.2274   54.4970   0.7260   0.7345   0.9885   1.1528   0.9385   0.0000   0.6695    1192109.
   0.4250   0.1288  11.1749   41.8967   53.0716   0.7310   0.7257   1.0073   1.1801   0.9434   0.0000   0.7090    1196866.
   0.4500   0.1263  10.0891   41.5761   51.6652   0.7359   0.7172   1.0260   1.2074   0.9471   0.0000   0.7489    1200507.
   0.4750   0.1238   9.2610   41.0184   50.2794   0.7444   0.7025   1.0597   1.2352   0.9500   0.0000   0.7893    1203542.
   0.5000   0.1212   8.5110   40.4175   48.9285   0.7535   0.6865   1.0975   1.2633   0.9524   0.0000   0.8300    1205804.
   0.5250   0.1187   7.8890   39.7255   47.6145   0.7640   0.6682   1.1434   1.2919   0.9542   0.0000   0.8709    1207389.
   0.5500   0.1162   7.3390   39.0021   46.3411   0.7750   0.6490   1.1941   1.3209   0.9556   0.0000   0.9119    1208239.
   0.5750   0.1137   6.8225   38.2874   45.1099   0.7859   0.6301   1.2472   1.3503   0.9566   0.0000   0.9530    1208307.
   0.6000   0.1111   6.4401   37.4776   43.9178   0.7982   0.6087   1.3114   1.3803   0.9574   0.0000   0.9943    1207673.
   0.6250   0.1086   6.0578   36.7100   42.7677   0.8099   0.5883   1.3765   1.4107   0.9579   0.0000   1.0356    1206175.
   0.6500   0.1061   5.7490   35.9075   41.6564   0.8221   0.5671   1.4496   1.4415   0.9581   0.0000   1.0770    1203852.
   0.6750   0.1035   5.4813   35.1019   40.5832   0.8343   0.5457   1.5288   1.4727   0.9581   0.0000   1.1185    1200637.
   0.7000   0.1010   5.2349   34.3117   39.5466   0.8463   0.5248   1.6126   1.5043   0.9578   0.0000   1.1600    1196477.
   0.7250   0.0985   5.0263   33.5176   38.5439   0.8584   0.5038   1.7039   1.5363   0.9573   0.0000   1.2016    1191349.
   0.7500   0.0960   4.8177   32.7560   37.5737   0.8699   0.4836   1.7989   1.5686   0.9565   0.0000   1.2432    1185179.
   0.7750   0.0934   4.6256   32.0070   36.6326   0.8813   0.4637   1.9005   1.6012   0.9554   0.0000   1.2849    1177944.
   0.8000   0.0909   4.4350   31.2822   35.7172   0.8923   0.4445   2.0073   1.6340   0.9539   0.0000   1.3266    1169587.
   0.8250   0.0884   4.2462   30.5768   34.8230   0.9031   0.4259   2.1206   1.6670   0.9519   0.0000   1.3685    1160063.
   0.8500   0.0859   4.0638   29.8792   33.9430   0.9137   0.4074   2.2428   1.7002   0.9493   0.0000   1.4104    1149319.
   0.8750   0.0833   3.8818   29.1855   33.0674   0.9242   0.3890   2.3758   1.7334   0.9458   0.0000   1.4526    1137280.
   0.9000   0.0808   3.7048   28.4735   32.1783   0.9350   0.3701   2.5261   1.7664   0.9407   0.0000   1.4951    1123842.
   0.9250   0.0783   3.5277   27.7118   31.2395   0.9466   0.3500   2.7049   1.7991   0.9330   0.0000   1.5382    1108811.
   0.9500   0.0758   3.3470   26.8093   30.1563   0.9603   0.3261   2.9452   1.8304   0.9195   0.0000   1.5827    1091735.
   0.9750   0.0732   3.1731   25.3597   28.5328   0.9823   0.2877   3.4150   1.8577   0.8874   0.0000   1.6321    1071043.
   1.0000   0.0707   3.0000   23.9093   26.9093   1.0044   0.2492   4.0299   0.0000   0.0000   0.0000   0.0000          8.

 ++++++++++++++++++++++++++++++++++++++++++++++++
 +++++++++++++++++++++++++++++++++++++++++++++++++++++++++++++++

 NREL-PhaseVI                            ***** XTurb-PSU  -  OUTPUT 1 *****
   Blade Number      BN =  2

   Solidity
   0.0519
                                  +    BLADE ELEMENT MOMENTUM THEORY (BEMT)   +

  PREDICTION
       BRADIUS [m]   RHOAIR [kg/m**3.]   MUAIR [kg/(m*s)]
       5.0300        1.2250              0.00001800
                                                      =>    Reynolds Number  
 =  RHOAIR*(VSEC*VWIND)*(c*BRADIUS)/MUAIR
       VWIND [m/s] RPM [1/min]   PITCH [deg]
      25.0000      72.0000       3.0000


   Number   TSR      PITCH [deg]      CT       CP       CPV      CB       CBV
       12   1.5170   3.0000           0.0898  -0.0118   0.0357  -0.0292  -0.0226

   "Thrust"   >   0      =>      Downwind Direction
   "Torque"   <   0      =>      Energy Extraction 
 (Wind Turbine)   =>   Power = Torque * TSR
   "Bending"  <   0      =>      Flap Bending towards Downwind

   r/R     Chord/R Twist[deg] AOA[deg]  PHI[deg]  CL
        CD       CL/CD    VSEC     VSECX    VSECY    VSECZ      Re
 ------------------------------------------------
 -------------------------------------------------------------------------
   0.2500   0.1465  24.8560   35.2441   60.1001   0.8321   0.5495   1.5144   0.0000   0.0000   0.0000   0.0000         11.
   0.2750   0.1440  21.9732   38.7631   60.7363   0.7787   0.6427   1.2115   0.9732   0.8490   0.0000   0.4757    1199127.
   0.3000   0.1414  19.1080   42.2644   61.3724   0.7254   0.7355   0.9864   1.0151   0.8910   0.0000   0.4863    1228721.
   0.3250   0.1389  16.9803   43.6213   60.6016   0.7048   0.7714   0.9137   1.0461   0.9114   0.0000   0.5135    1243697.
   0.3500   0.1364  15.2840   44.1559   59.4399   0.6967   0.7856   0.8869   1.0733   0.9242   0.0000   0.5457    1252789.
   0.3750   0.1339  13.6465   44.4961   58.1426   0.6915   0.7946   0.8703   1.0984   0.9329   0.0000   0.5797    1258304.
   0.4000   0.1313  12.2696   44.5130   56.7826   0.6913   0.7950   0.8695   1.1228   0.9393   0.0000   0.6151    1262057.
   0.4250   0.1288  11.1749   44.2265   55.4014   0.6956   0.7874   0.8834   1.1472   0.9443   0.0000   0.6514    1264685.
   0.4500   0.1263  10.0891   43.9439   54.0330   0.6999   0.7800   0.8974   1.1715   0.9482   0.0000   0.6880    1266112.
   0.4750   0.1238   9.2610   43.4182   52.6792   0.7079   0.7660   0.9241   1.1962   0.9513   0.0000   0.7252    1266899.
   0.5000   0.1212   8.5110   42.8434   51.3544   0.7166   0.7508   0.9545   1.2211   0.9537   0.0000   0.7626    1266898.
   0.5250   0.1187   7.8890   42.1719   50.0609   0.7269   0.7330   0.9916   1.2464   0.9557   0.0000   0.8002    1266225.
   0.5500   0.1162   7.3390   41.4637   48.8027   0.7376   0.7143   1.0327   1.2721   0.9572   0.0000   0.8379    1264836.
   0.5750   0.1137   6.8225   40.7596   47.5822   0.7483   0.6956   1.0758   1.2982   0.9584   0.0000   0.8757    1262692.
   0.6000   0.1111   6.4401   39.9562   46.3963   0.7605   0.6743   1.1278   1.3248   0.9593   0.0000   0.9136    1259884.
   0.6250   0.1086   6.0578   39.1910   45.2488   0.7722   0.6541   1.1806   1.3517   0.9599   0.0000   0.9516    1256251.
   0.6500   0.1061   5.7490   38.3875   44.1365   0.7844   0.6328   1.2396   1.3790   0.9603   0.0000   0.9897    1251839.
   0.6750   0.1035   5.4813   37.5779   43.0593   0.7967   0.6113   1.3032   1.4067   0.9605   0.0000   1.0278    1246583.
   0.7000   0.1010   5.2349   36.7811   42.0160   0.8088   0.5902   1.3703   1.4348   0.9604   0.0000   1.0660    1240429.
   0.7250   0.0985   5.0263   35.9783   41.0045   0.8210   0.5689   1.4430   1.4632   0.9600   0.0000   1.1042    1233356.
   0.7500   0.0960   4.8177   35.2059   40.0236   0.8327   0.5485   1.5182   1.4919   0.9595   0.0000   1.1425    1225291.
   0.7750   0.0934   4.6256   34.4447   39.0703   0.8443   0.5283   1.5981   1.5209   0.9586   0.0000   1.1808    1216207.
   0.8000   0.0909   4.4350   33.7067   38.1417   0.8555   0.5088   1.6815   1.5501   0.9574   0.0000   1.2191    1206047.
   0.8250   0.0884   4.2462   32.9873   37.2335   0.8664   0.4897   1.7693   1.5795   0.9557   0.0000   1.2576    1194760.
   0.8500   0.0859   4.0638   32.2758   36.3396   0.8772   0.4709   1.8630   1.6090   0.9535   0.0000   1.2961    1182290.
   0.8750   0.0833   3.8818   31.5691   35.4509   0.8880   0.4521   1.9639   1.6385   0.9504   0.0000   1.3348    1168549.
   0.9000   0.0808   3.7048   30.8463   34.5511   0.8990   0.4330   2.0761   1.6679   0.9459   0.0000   1.3737    1153420.
   0.9250   0.0783   3.5277   30.0792   33.6069   0.9106   0.4127   2.2066   1.6967   0.9391   0.0000   1.4131    1136669.
   0.9500   0.0758   3.3470   29.1846   32.5316   0.9242   0.3890   2.3760   1.7241   0.9272   0.0000   1.4536    1117755.
   0.9750   0.0732   3.1731   27.7924   30.9655   0.9454   0.3521   2.6850   1.7469   0.8988   0.0000   1.4979    1094723.
   1.0000   0.0707   3.0000   26.3994   29.3994   0.9665   0.3152   3.0665   0.0000   0.0000   0.0000   0.0000          9.
