
 ++++++++++++++++++++++++++++++++++++++++++++++++
 ++++++++++++++++++++++++++++++++++++++++++++++++++++++++++++++

 NREL-PhaseVI                            ***** XTurb-PSU  -  OUTPUT 2 *****
   Blade Number      BN =  2

   Solidity
   0.0519
                                  +    BLADE ELEMENT MOMENTUM THEORY (BEMT)   +

  PREDICTION
       VWIND [m/s] RPM [1/min]   PITCH [deg]
       5.0000      72.0000       3.0000

   Number   TSR      PITCH [deg]      CT       CP       CPV      CB       CBV
        1   7.5851   3.0000           0.5348  -0.3227   0.0848  -0.1883  -0.0016

   "Thrust"   >   0      =>      Downwind Direction
   "Torque"   <   0      =>      Energy Extraction 
 (Wind Turbine)   =>   Power = Torque * TSR
   "Bending"  <   0      =>      Flap Bending towards Downwind

   r/R     Chord/R Twist[deg] AOA[deg]  CL       CD
        CDP      CM       CThrust  CTorque  CNormal  CTangen
 ------------------------------------------------
 --------------------------------------------------------------
   0.2500   0.1465  24.8560   -0.2899    0.1450   0.0133   0.0067  -0.0431   0.1374  -0.0120   0.1449  -0.0141
   0.2750   0.1440  21.9732    0.5973    0.2160   0.0136   0.0069  -0.0450   0.2047  -0.0193   0.2162  -0.0113
   0.3000   0.1414  19.1080    1.4668    0.3184   0.0136   0.0071  -0.0473   0.3029  -0.0297   0.3186  -0.0055
   0.3250   0.1389  16.9803    2.0086    0.3824   0.0137   0.0073  -0.0488   0.3661  -0.0362   0.3827  -0.0003
   0.3500   0.1364  15.2840    2.3591    0.4238   0.0138   0.0075  -0.0498   0.4080  -0.0404   0.4240   0.0037
   0.3750   0.1339  13.6465    2.7100    0.4653   0.0138   0.0076  -0.0507   0.4503  -0.0442   0.4654   0.0082
   0.4000   0.1313  12.2696    2.9581    0.4946   0.0138   0.0076  -0.0514   0.4809  -0.0466   0.4947   0.0117
   0.4250   0.1288  11.1749    3.0871    0.5100   0.0138   0.0076  -0.0517   0.4977  -0.0477   0.5100   0.0136
   0.4500   0.1263  10.0891    3.2441    0.5288   0.0138   0.0077  -0.0522   0.5177  -0.0488   0.5287   0.0161
   0.4750   0.1238   9.2610    3.2939    0.5347   0.0139   0.0077  -0.0523   0.5250  -0.0488   0.5347   0.0169
   0.5000   0.1212   8.5110    3.3329    0.5394   0.0139   0.0077  -0.0524   0.5308  -0.0486   0.5393   0.0175
   0.5250   0.1187   7.8890    3.3325    0.5394   0.0139   0.0077  -0.0524   0.5318  -0.0480   0.5393   0.0175
   0.5500   0.1162   7.3390    3.3212    0.5380   0.0139   0.0077  -0.0524   0.5313  -0.0473   0.5379   0.0173
   0.5750   0.1137   6.8225    3.3175    0.5376   0.0139   0.0077  -0.0524   0.5316  -0.0466   0.5375   0.0173
   0.6000   0.1111   6.4401    3.2636    0.5311   0.0139   0.0077  -0.0522   0.5259  -0.0455   0.5311   0.0164
   0.6250   0.1086   6.0578    3.2303    0.5271   0.0138   0.0077  -0.0521   0.5225  -0.0446   0.5271   0.0159
   0.6500   0.1061   5.7490    3.1744    0.5205   0.0138   0.0077  -0.0520   0.5163  -0.0436   0.5204   0.0150
   0.6750   0.1035   5.4813    3.1112    0.5129   0.0138   0.0076  -0.0518   0.5092  -0.0425   0.5129   0.0140
   0.7000   0.1010   5.2349    3.0493    0.5055   0.0138   0.0076  -0.0516   0.5022  -0.0414   0.5055   0.0131
   0.7250   0.0985   5.0263    2.9770    0.4969   0.0138   0.0076  -0.0514   0.4940  -0.0402   0.4969   0.0120
   0.7500   0.0960   4.8177    2.9136    0.4894   0.0138   0.0076  -0.0513   0.4868  -0.0391   0.4894   0.0111
   0.7750   0.0934   4.6256    2.8475    0.4815   0.0138   0.0076  -0.0511   0.4792  -0.0379   0.4816   0.0101
   0.8000   0.0909   4.4350    2.7847    0.4741   0.0138   0.0076  -0.0509   0.4721  -0.0367   0.4742   0.0092
   0.8250   0.0884   4.2462    2.7220    0.4667   0.0138   0.0076  -0.0508   0.4649  -0.0354   0.4668   0.0084
   0.8500   0.0859   4.0638    2.6521    0.4584   0.0138   0.0076  -0.0506   0.4569  -0.0339   0.4586   0.0074
   0.8750   0.0833   3.8818    2.5723    0.4490   0.0138   0.0075  -0.0504   0.4477  -0.0322   0.4491   0.0064
   0.9000   0.0808   3.7048    2.4690    0.4367   0.0138   0.0075  -0.0501   0.4357  -0.0299   0.4369   0.0050
   0.9250   0.0783   3.5277    2.3248    0.4197   0.0138   0.0074  -0.0497   0.4189  -0.0269   0.4199   0.0033
   0.9500   0.0758   3.3470    2.0948    0.3926   0.0137   0.0074  -0.0491   0.3921  -0.0224   0.3928   0.0006
   0.9750   0.0732   3.1731    1.6229    0.3368   0.0137   0.0072  -0.0477   0.3368  -0.0142   0.3371  -0.0041
   1.0000   0.0707   3.0000    1.1503    0.2810   0.0136   0.0070  -0.0465   0.2813  -0.0068   0.2813  -0.0079

 ++++++++++++++++++++++++++++++++++++++++++++++++
 ++++++++++++++++++++++++++++++++++++++++++++++++++++++++++++++

 NREL-PhaseVI                            ***** XTurb-PSU  -  OUTPUT 2 *****
   Blade Number      BN =  2

   Solidity
   0.0519
                                  +    BLADE ELEMENT MOMENTUM THEORY (BEMT)   +

  PREDICTION
       VWIND [m/s] RPM [1/min]   PITCH [deg]
       7.0000      72.0000       3.0000

   Number   TSR      PITCH [deg]      CT       CP       CPV      CB       CBV
        2   5.4179   3.0000           0.4979  -0.3495   0.0299  -0.1717  -0.0011

   "Thrust"   >   0      =>      Downwind Direction
   "Torque"   <   0      =>      Energy Extraction 
 (Wind Turbine)   =>   Power = Torque * TSR
   "Bending"  <   0      =>      Flap Bending towards Downwind

   r/R     Chord/R Twist[deg] AOA[deg]  CL       CD
        CDP      CM       CThrust  CTorque  CNormal  CTangen
 ------------------------------------------------
 --------------------------------------------------------------
   0.2500   0.1465  24.8560    2.3791    0.4261   0.0138   0.0075  -0.0499   0.3852  -0.0457   0.4263   0.0039
   0.2750   0.1440  21.9732    3.9268    0.6094   0.0139   0.0078  -0.0538   0.5543  -0.0698   0.6089   0.0278
   0.3000   0.1414  19.1080    5.4568    0.7873   0.0127   0.0069  -0.0561   0.7213  -0.0947   0.7849   0.0622
   0.3250   0.1389  16.9803    6.3101    0.8838   0.0112   0.0063  -0.0569   0.8162  -0.1102   0.8797   0.0860
   0.3500   0.1364  15.2840    6.8728    0.9290   0.0129   0.0069  -0.0550   0.8653  -0.1184   0.9239   0.0983
   0.3750   0.1339  13.6465    7.3628    0.9603   0.0145   0.0079  -0.0523   0.9016  -0.1240   0.9542   0.1087
   0.4000   0.1313  12.2696    7.6701    0.9752   0.0156   0.0088  -0.0500   0.9220  -0.1272   0.9685   0.1147
   0.4250   0.1288  11.1749    7.7722    0.9789   0.0160   0.0091  -0.0492   0.9310  -0.1286   0.9720   0.1165
   0.4500   0.1263  10.0891    7.8943    0.9833   0.0165   0.0095  -0.0481   0.9403  -0.1295   0.9762   0.1187
   0.4750   0.1238   9.2610    7.8383    0.9812   0.0163   0.0093  -0.0486   0.9427  -0.1297   0.9743   0.1177
   0.5000   0.1212   8.5110    7.7587    0.9784   0.0160   0.0090  -0.0493   0.9437  -0.1294   0.9716   0.1163
   0.5250   0.1187   7.8890    7.6149    0.9732   0.0154   0.0086  -0.0505   0.9419  -0.1288   0.9666   0.1137
   0.5500   0.1162   7.3390    7.4587    0.9664   0.0148   0.0081  -0.0517   0.9381  -0.1279   0.9601   0.1108
   0.5750   0.1137   6.8225    7.3265    0.9579   0.0143   0.0078  -0.0525   0.9324  -0.1266   0.9520   0.1079
   0.6000   0.1111   6.4401    7.1270    0.9452   0.0137   0.0073  -0.0536   0.9221  -0.1250   0.9396   0.1037
   0.6250   0.1086   6.0578    6.9595    0.9346   0.0132   0.0070  -0.0545   0.9135  -0.1235   0.9293   0.1001
   0.6500   0.1061   5.7490    6.7644    0.9221   0.0126   0.0067  -0.0556   0.9030  -0.1219   0.9172   0.0961
   0.6750   0.1035   5.4813    6.5629    0.9093   0.0120   0.0065  -0.0567   0.8918  -0.1202   0.9047   0.0920
   0.7000   0.1010   5.2349    6.3866    0.8925   0.0114   0.0063  -0.0570   0.8765  -0.1180   0.8882   0.0879
   0.7250   0.0985   5.0263    6.2099    0.8725   0.0109   0.0064  -0.0569   0.8579  -0.1155   0.8686   0.0836
   0.7500   0.0960   4.8177    6.0453    0.8539   0.0104   0.0066  -0.0567   0.8406  -0.1131   0.8503   0.0796
   0.7750   0.0934   4.6256    5.8792    0.8352   0.0123   0.0067  -0.0566   0.8234  -0.1086   0.8320   0.0733
   0.8000   0.0909   4.4350    5.7174    0.8169   0.0125   0.0068  -0.0564   0.8063  -0.1054   0.8140   0.0690
   0.8250   0.0884   4.2462    5.5552    0.7985   0.0126   0.0068  -0.0563   0.7890  -0.1019   0.7960   0.0648
   0.8500   0.0859   4.0638    5.3846    0.7788   0.0127   0.0069  -0.0560   0.7703  -0.0980   0.7766   0.0604
   0.8750   0.0833   3.8818    5.1996    0.7572   0.0129   0.0071  -0.0558   0.7498  -0.0934   0.7553   0.0558
   0.9000   0.0808   3.7048    4.9812    0.7317   0.0131   0.0072  -0.0555   0.7253  -0.0878   0.7301   0.0505
   0.9250   0.0783   3.5277    4.7009    0.6994   0.0133   0.0073  -0.0551   0.6941  -0.0804   0.6982   0.0441
   0.9500   0.0758   3.3470    4.2912    0.6520   0.0136   0.0076  -0.0545   0.6480  -0.0695   0.6511   0.0352
   0.9750   0.0732   3.1731    3.5102    0.5606   0.0139   0.0077  -0.0529   0.5584  -0.0502   0.5604   0.0205
   1.0000   0.0707   3.0000    2.7285    0.4674   0.0138   0.0076  -0.0508   0.4665  -0.0329   0.4676   0.0085

 ++++++++++++++++++++++++++++++++++++++++++++++++
 ++++++++++++++++++++++++++++++++++++++++++++++++++++++++++++++

 NREL-PhaseVI                            ***** XTurb-PSU  -  OUTPUT 2 *****
   Blade Number      BN =  2

   Solidity
   0.0519
                                  +    BLADE ELEMENT MOMENTUM THEORY (BEMT)   +

  PREDICTION
       VWIND [m/s] RPM [1/min]   PITCH [deg]
       9.0000      72.0000       3.0000

   Number   TSR      PITCH [deg]      CT       CP       CPV      CB       CBV
        3   4.2139   3.0000           0.3756  -0.2681   0.0309  -0.1310  -0.0023

   "Thrust"   >   0      =>      Downwind Direction
   "Torque"   <   0      =>      Energy Extraction 
 (Wind Turbine)   =>   Power = Torque * TSR
   "Bending"  <   0      =>      Flap Bending towards Downwind

   r/R     Chord/R Twist[deg] AOA[deg]  CL       CD
        CDP      CM       CThrust  CTorque  CNormal  CTangen
 ------------------------------------------------
 --------------------------------------------------------------
   0.2500   0.1465  24.8560    3.3723    0.5441   0.0139   0.0077  -0.0525   0.4860  -0.0613   0.5440   0.0182
   0.2750   0.1440  21.9732    7.1858    0.9490   0.0139   0.0074  -0.0533   0.8355  -0.1238   0.9433   0.1049
   0.3000   0.1414  19.1080   10.9816    1.0297   0.0351   0.0268  -0.0294   0.9085  -0.1458   1.0175   0.1617
   0.3250   0.1389  16.9803   12.6120    1.0502   0.0480   0.0415  -0.0253   0.9369  -0.1550   1.0353   0.1824
   0.3500   0.1364  15.2840   13.3056    1.0624   0.0539   0.0477  -0.0246   0.9586  -0.1614   1.0463   0.1920
   0.3750   0.1339  13.6465   13.7881    1.0701   0.0583   0.0521  -0.0244   0.9766  -0.1655   1.0532   0.1985
   0.4000   0.1313  12.2696   13.9892    1.0731   0.0601   0.0541  -0.0244   0.9890  -0.1683   1.0558   0.2011
   0.4250   0.1288  11.1749   13.9366    1.0723   0.0596   0.0536  -0.0244   0.9963  -0.1705   1.0551   0.2004
   0.4500   0.1263  10.0891   13.9120    1.0720   0.0594   0.0533  -0.0244   1.0035  -0.1718   1.0548   0.2001
   0.4750   0.1238   9.2610   13.6915    1.0687   0.0574   0.0512  -0.0245   1.0064  -0.1729   1.0519   0.1972
   0.5000   0.1212   8.5110   13.4497    1.0649   0.0552   0.0489  -0.0245   1.0083  -0.1735   1.0485   0.1940
   0.5250   0.1187   7.8890   13.1418    1.0595   0.0525   0.0462  -0.0247   1.0078  -0.1739   1.0437   0.1898
   0.5500   0.1162   7.3390   12.8180    1.0538   0.0498   0.0433  -0.0251   1.0064  -0.1740   1.0386   0.1853
   0.5750   0.1137   6.8225   12.5124    1.0484   0.0472   0.0407  -0.0255   1.0049  -0.1740   1.0337   0.1811
   0.6000   0.1111   6.4401   12.1298    1.0408   0.0442   0.0378  -0.0261   1.0007  -0.1737   1.0269   0.1755
   0.6250   0.1086   6.0578   11.7867    1.0353   0.0415   0.0390  -0.0269   0.9982  -0.1736   1.0219   0.1708
   0.6500   0.1061   5.7490   11.4082    1.0311   0.0385   0.0316  -0.0279   0.9966  -0.1738   1.0183   0.1662
   0.6750   0.1035   5.4813   11.0167    1.0301   0.0353   0.0283  -0.0292   0.9978  -0.1746   1.0179   0.1622
   0.7000   0.1010   5.2349   10.6607    1.0222   0.0324   0.0184  -0.0303   0.9920  -0.1741   1.0105   0.1572
   0.7250   0.0985   5.0263   10.2912    1.0159   0.0305   0.0246  -0.0316   0.9879  -0.1732   1.0050   0.1515
   0.7500   0.0960   4.8177    9.9385    1.0121   0.0280   0.0208  -0.0331   0.9859  -0.1731   1.0018   0.1472
   0.7750   0.0934   4.6256    9.5813    1.0106   0.0253   0.0180  -0.0347   0.9859  -0.1733   1.0007   0.1433
   0.8000   0.0909   4.4350    9.2341    1.0095   0.0228   0.0154  -0.0367   0.9863  -0.1731   1.0001   0.1395
   0.8250   0.0884   4.2462    8.8948    1.0066   0.0207   0.0134  -0.0390   0.9850  -0.1722   0.9977   0.1352
   0.8500   0.0859   4.0638    8.5555    0.9996   0.0191   0.0118  -0.0416   0.9796  -0.1698   0.9913   0.1298
   0.8750   0.0833   3.8818    8.1938    0.9915   0.0177   0.0105  -0.0452   0.9732  -0.1664   0.9839   0.1238
   0.9000   0.0808   3.7048    7.7846    0.9793   0.0161   0.0091  -0.0491   0.9629  -0.1614   0.9725   0.1167
   0.9250   0.0783   3.5277    7.2981    0.9561   0.0143   0.0077  -0.0526   0.9418  -0.1532   0.9502   0.1073
   0.9500   0.0758   3.3470    6.6236    0.9132   0.0122   0.0065  -0.0564   0.9015  -0.1388   0.9085   0.0933
   0.9750   0.0732   3.1731    5.5281    0.7955   0.0126   0.0068  -0.0562   0.7882  -0.1052   0.7930   0.0641
   1.0000   0.0707   3.0000    4.4318    0.6684   0.0135   0.0075  -0.0548   0.6645  -0.0731   0.6674   0.0382

 ++++++++++++++++++++++++++++++++++++++++++++++++
 ++++++++++++++++++++++++++++++++++++++++++++++++++++++++++++++

 NREL-PhaseVI                            ***** XTurb-PSU  -  OUTPUT 2 *****
   Blade Number      BN =  2

   Solidity
   0.0519
                                  +    BLADE ELEMENT MOMENTUM THEORY (BEMT)   +

  PREDICTION
       VWIND [m/s] RPM [1/min]   PITCH [deg]
      10.0000      72.0000       3.0000

   Number   TSR      PITCH [deg]      CT       CP       CPV      CB       CBV
        4   3.7925   3.0000           0.3221  -0.2265   0.0343  -0.1122  -0.0032

   "Thrust"   >   0      =>      Downwind Direction
   "Torque"   <   0      =>      Energy Extraction 
 (Wind Turbine)   =>   Power = Torque * TSR
   "Bending"  <   0      =>      Flap Bending towards Downwind

   r/R     Chord/R Twist[deg] AOA[deg]  CL       CD
        CDP      CM       CThrust  CTorque  CNormal  CTangen
 ------------------------------------------------
 --------------------------------------------------------------
   0.2500   0.1465  24.8560    5.9101    0.8386   0.0123   0.0067  -0.0566   0.7269  -0.1046   0.8355   0.0741
   0.2750   0.1440  21.9732    9.9688    1.0123   0.0282   0.0210  -0.0329   0.8739  -0.1407   1.0019   0.1475
   0.3000   0.1414  19.1080   14.0098    1.0733   0.0603   0.0543  -0.0244   0.9319  -0.1608   1.0559   0.2013
   0.3250   0.1389  16.9803   15.6549    1.0842   0.0777   0.0722  -0.0246   0.9549  -0.1687   1.0649   0.2177
   0.3500   0.1364  15.2840   16.3122    1.0912   0.0850   0.0797  -0.0259   0.9740  -0.1748   1.0712   0.2249
   0.3750   0.1339  13.6465   16.7485    1.0941   0.0902   0.0851  -0.0273   0.9894  -0.1784   1.0737   0.2289
   0.4000   0.1313  12.2696   16.8866    1.0948   0.0919   0.0869  -0.0278   1.0008  -0.1812   1.0743   0.2300
   0.4250   0.1288  11.1749   16.7596    1.0941   0.0904   0.0852  -0.0273   1.0090  -0.1839   1.0737   0.2290
   0.4500   0.1263  10.0891   16.6632    1.0937   0.0892   0.0840  -0.0270   1.0168  -0.1857   1.0733   0.2282
   0.4750   0.1238   9.2610   16.3665    1.0917   0.0856   0.0804  -0.0261   1.0214  -0.1876   1.0716   0.2255
   0.5000   0.1212   8.5110   16.0513    1.0890   0.0820   0.0767  -0.0253   1.0245  -0.1890   1.0692   0.2223
   0.5250   0.1187   7.8890   15.6718    1.0844   0.0779   0.0723  -0.0247   1.0251  -0.1901   1.0651   0.2179
   0.5500   0.1162   7.3390   15.2812    1.0783   0.0739   0.0713  -0.0241   1.0238  -0.1906   1.0597   0.2129
   0.5750   0.1137   6.8225   14.9094    1.0729   0.0701   0.0644  -0.0239   1.0227  -0.1910   1.0549   0.2083
   0.6000   0.1111   6.4401   14.4441    1.0712   0.0653   0.0593  -0.0242   1.0241  -0.1925   1.0536   0.2040
   0.6250   0.1086   6.0578   14.0159    1.0732   0.0604   0.0545  -0.0244   1.0288  -0.1948   1.0559   0.2013
   0.6500   0.1061   5.7490   13.5825    1.0670   0.0564   0.0502  -0.0245   1.0255  -0.1950   1.0504   0.1958
   0.6750   0.1035   5.4813   13.1515    1.0597   0.0526   0.0463  -0.0247   1.0209  -0.1949   1.0438   0.1899
   0.7000   0.1010   5.2349   12.7353    1.0523   0.0491   0.0425  -0.0252   1.0161  -0.1946   1.0373   0.1841
   0.7250   0.0985   5.0263   12.3146    1.0445   0.0457   0.0394  -0.0258   1.0106  -0.1941   1.0302   0.1782
   0.7500   0.0960   4.8177   11.9199    1.0371   0.0426   0.0382  -0.0265   1.0054  -0.1934   1.0235   0.1725
   0.7750   0.0934   4.6256   11.5252    1.0316   0.0395   0.0334  -0.0275   1.0019  -0.1930   1.0187   0.1674
   0.8000   0.0909   4.4350   11.1327    1.0304   0.0363   0.0292  -0.0288   1.0024  -0.1933   1.0180   0.1633
   0.8250   0.0884   4.2462   10.7598    1.0245   0.0332   0.0180  -0.0300   0.9982  -0.1923   1.0127   0.1586
   0.8500   0.0859   4.0638   10.3823    1.0170   0.0312   0.0250  -0.0313   0.9926  -0.1900   1.0060   0.1526
   0.8750   0.0833   3.8818    9.9754    1.0123   0.0282   0.0210  -0.0329   0.9896  -0.1882   1.0019   0.1475
   0.9000   0.0808   3.7048    9.5020    1.0103   0.0247   0.0174  -0.0351   0.9892  -0.1861   1.0005   0.1425
   0.9250   0.0783   3.5277    8.9124    1.0070   0.0208   0.0135  -0.0389   0.9878  -0.1819   0.9980   0.1355
   0.9500   0.0758   3.3470    8.0890    0.9891   0.0173   0.0101  -0.0463   0.9729  -0.1702   0.9817   0.1221
   0.9750   0.0732   3.1731    6.5925    0.9112   0.0121   0.0065  -0.0566   0.9000  -0.1391   0.9066   0.0926
   1.0000   0.0707   3.0000    5.0953    0.7450   0.0130   0.0071  -0.0556   0.7394  -0.0921   0.7432   0.0532

 ++++++++++++++++++++++++++++++++++++++++++++++++
 ++++++++++++++++++++++++++++++++++++++++++++++++++++++++++++++

 NREL-PhaseVI                            ***** XTurb-PSU  -  OUTPUT 2 *****
   Blade Number      BN =  2

   Solidity
   0.0519
                                  +    BLADE ELEMENT MOMENTUM THEORY (BEMT)   +

  PREDICTION
       VWIND [m/s] RPM [1/min]   PITCH [deg]
      11.0000      72.0000       3.0000

   Number   TSR      PITCH [deg]      CT       CP       CPV      CB       CBV
        5   3.4478   3.0000           0.2782  -0.1904   0.0373  -0.0969  -0.0044

   "Thrust"   >   0      =>      Downwind Direction
   "Torque"   <   0      =>      Energy Extraction 
 (Wind Turbine)   =>   Power = Torque * TSR
   "Bending"  <   0      =>      Flap Bending towards Downwind

   r/R     Chord/R Twist[deg] AOA[deg]  CL       CD
        CDP      CM       CThrust  CTorque  CNormal  CTangen
 ------------------------------------------------
 --------------------------------------------------------------
   0.2500   0.1465  24.8560    8.5267    0.9990   0.0189   0.0117  -0.0418   0.8446  -0.1335   0.9907   0.1294
   0.2750   0.1440  21.9732   12.7245    1.0522   0.0490   0.0425  -0.0252   0.8929  -0.1536   1.0371   0.1840
   0.3000   0.1414  19.1080   16.9046    1.0948   0.0922   0.0872  -0.0279   0.9398  -0.1708   1.0743   0.2302
   0.3250   0.1389  16.9803   18.5949    1.0892   0.1172   0.1136  -0.0393   0.9540  -0.1750   1.0697   0.2363
   0.3500   0.1364  15.2840   19.2724    1.0790   0.1299   0.1266  -0.0473   0.9623  -0.1768   1.0614   0.2335
   0.3750   0.1339  13.6465   19.6819    1.0709   0.1385   0.1352  -0.0532   0.9708  -0.1772   1.0549   0.2302
   0.4000   0.1313  12.2696   19.7524    1.0693   0.1401   0.1368  -0.0544   0.9809  -0.1793   1.0537   0.2295
   0.4250   0.1288  11.1749   19.5320    1.0742   0.1351   0.1316  -0.0508   0.9926  -0.1837   1.0576   0.2318
   0.4500   0.1263  10.0891   19.3544    1.0775   0.1315   0.1282  -0.0484   1.0030  -0.1868   1.0602   0.2330
   0.4750   0.1238   9.2610   18.9636    1.0844   0.1238   0.1202  -0.0433   1.0140  -0.1918   1.0657   0.2353
   0.5000   0.1212   8.5110   18.5610    1.0896   0.1166   0.1129  -0.0390   1.0233  -0.1960   1.0700   0.2363
   0.5250   0.1187   7.8890   18.0956    1.0935   0.1090   0.1060  -0.0349   1.0307  -0.2001   1.0733   0.2360
   0.5500   0.1162   7.3390   17.6228    1.0954   0.1019   0.0920  -0.0316   1.0361  -0.2034   1.0749   0.2345
   0.5750   0.1137   6.8225   17.1779    1.0955   0.0958   0.0910  -0.0291   1.0397  -0.2059   1.0749   0.2321
   0.6000   0.1111   6.4401   16.6569    1.0937   0.0891   0.0839  -0.0270   1.0409  -0.2082   1.0733   0.2281
   0.6250   0.1086   6.0578   16.1897    1.0902   0.0836   0.0782  -0.0257   1.0407  -0.2096   1.0702   0.2237
   0.6500   0.1061   5.7490   15.6996    1.0847   0.0782   0.0726  -0.0247   1.0382  -0.2105   1.0654   0.2182
   0.6750   0.1035   5.4813   15.2154    1.0772   0.0732   0.0706  -0.0241   1.0336  -0.2107   1.0586   0.2121
   0.7000   0.1010   5.2349   14.7414    1.0721   0.0684   0.0578  -0.0240   1.0310  -0.2114   1.0542   0.2067
   0.7250   0.0985   5.0263   14.2501    1.0721   0.0631   0.0571  -0.0243   1.0328  -0.2134   1.0546   0.2028
   0.7500   0.0960   4.8177   13.7927    1.0702   0.0583   0.0522  -0.0244   1.0328  -0.2147   1.0532   0.1985
   0.7750   0.0934   4.6256   13.3558    1.0633   0.0543   0.0481  -0.0246   1.0281  -0.2143   1.0471   0.1927
   0.8000   0.0909   4.4350   12.9369    1.0559   0.0508   0.0444  -0.0249   1.0229  -0.2135   1.0404   0.1869
   0.8250   0.0884   4.2462   12.5265    1.0487   0.0473   0.0408  -0.0255   1.0177  -0.2123   1.0340   0.1813
   0.8500   0.0859   4.0638   12.1127    1.0405   0.0441   0.0377  -0.0261   1.0115  -0.2104   1.0265   0.1752
   0.8750   0.0833   3.8818   11.6784    1.0338   0.0407   0.0378  -0.0271   1.0068  -0.2083   1.0206   0.1694
   0.9000   0.0808   3.7048   11.1831    1.0305   0.0367   0.0296  -0.0287   1.0054  -0.2064   1.0181   0.1639
   0.9250   0.0783   3.5277   10.6031    1.0208   0.0320   0.0199  -0.0305   0.9977  -0.2018   1.0093   0.1564
   0.9500   0.0758   3.3470    9.7564    1.0114   0.0266   0.0194  -0.0339   0.9911  -0.1932   1.0013   0.1452
   0.9750   0.0732   3.1731    7.9718    0.9861   0.0168   0.0098  -0.0474   0.9707  -0.1697   0.9789   0.1201
   1.0000   0.0707   3.0000    6.1864    0.8699   0.0108   0.0064  -0.0568   0.8604  -0.1282   0.8660   0.0830

 ++++++++++++++++++++++++++++++++++++++++++++++++
 ++++++++++++++++++++++++++++++++++++++++++++++++++++++++++++++

 NREL-PhaseVI                            ***** XTurb-PSU  -  OUTPUT 2 *****
   Blade Number      BN =  2

   Solidity
   0.0519
                                  +    BLADE ELEMENT MOMENTUM THEORY (BEMT)   +

  PREDICTION
       VWIND [m/s] RPM [1/min]   PITCH [deg]
      13.0000      72.0000       3.0000

   Number   TSR      PITCH [deg]      CT       CP       CPV      CB       CBV
        6   2.9173   3.0000           0.2129  -0.1300   0.0433  -0.0740  -0.0075

   "Thrust"   >   0      =>      Downwind Direction
   "Torque"   <   0      =>      Energy Extraction 
 (Wind Turbine)   =>   Power = Torque * TSR
   "Bending"  <   0      =>      Flap Bending towards Downwind

   r/R     Chord/R Twist[deg] AOA[deg]  CL       CD
        CDP      CM       CThrust  CTorque  CNormal  CTangen
 ------------------------------------------------
 --------------------------------------------------------------
   0.2500   0.1465  24.8560   12.7586    1.0528   0.0493   0.0428  -0.0251   0.8640  -0.1509   1.0376   0.1845
   0.2750   0.1440  21.9732   17.7677    1.0949   0.1041   0.0996  -0.0326   0.9085  -0.1705   1.0745   0.2350
   0.3000   0.1414  19.1080   22.7592    1.0219   0.2188   0.1424  -0.0584   0.9070  -0.1557   1.0269   0.1936
   0.3250   0.1389  16.9803   24.2952    0.9985   0.2595   0.1424  -0.0584   0.9216  -0.1507   1.0168   0.1744
   0.3500   0.1364  15.2840   24.7802    0.9912   0.2723   0.1424  -0.0584   0.9338  -0.1503   1.0140   0.1682
   0.3750   0.1339  13.6465   25.0348    0.9873   0.2790   0.1424  -0.0584   0.9451  -0.1497   1.0126   0.1650
   0.4000   0.1313  12.2696   24.9786    0.9881   0.2776   0.1424  -0.0584   0.9546  -0.1509   1.0129   0.1657
   0.4250   0.1288  11.1749   24.6493    0.9931   0.2688   0.1424  -0.0584   0.9626  -0.1544   1.0148   0.1699
   0.4500   0.1263  10.0891   24.3621    0.9975   0.2612   0.1424  -0.0584   0.9703  -0.1570   1.0164   0.1735
   0.4750   0.1238   9.2610   23.8662    1.0050   0.2481   0.1424  -0.0584   0.9773  -0.1622   1.0195   0.1798
   0.5000   0.1212   8.5110   23.3548    1.0128   0.2345   0.1424  -0.0584   0.9840  -0.1678   1.0228   0.1862
   0.5250   0.1187   7.8890   22.7759    1.0216   0.2192   0.1424  -0.0584   0.9906  -0.1746   1.0268   0.1934
   0.5500   0.1162   7.3390   22.1865    1.0306   0.2036   0.1424  -0.0584   0.9971  -0.1819   1.0311   0.2006
   0.5750   0.1137   6.8225   21.6235    1.0391   0.1887   0.1424  -0.0584   1.0035  -0.1892   1.0355   0.2075
   0.6000   0.1111   6.4401   20.9791    1.0489   0.1716   0.1424  -0.0584   1.0101  -0.1984   1.0408   0.2153
   0.6250   0.1086   6.0578   20.3888    1.0579   0.1560   0.1430  -0.0584   1.0166  -0.2072   1.0460   0.2224
   0.6500   0.1061   5.7490   19.7685    1.0689   0.1405   0.1372  -0.0546   1.0252  -0.2169   1.0535   0.2294
   0.6750   0.1035   5.4813   19.1490    1.0812   0.1274   0.1240  -0.0457   1.0359  -0.2260   1.0632   0.2343
   0.7000   0.1010   5.2349   18.5575    1.0897   0.1165   0.1128  -0.0389   1.0440  -0.2331   1.0701   0.2363
   0.7250   0.0985   5.0263   17.9728    1.0943   0.1071   0.1027  -0.0339   1.0491  -0.2385   1.0739   0.2358
   0.7500   0.0960   4.8177   17.4270    1.0957   0.0991   0.0945  -0.0304   1.0517  -0.2423   1.0751   0.2336
   0.7750   0.0934   4.6256   16.8969    1.0948   0.0921   0.0871  -0.0278   1.0522  -0.2449   1.0743   0.2301
   0.8000   0.0909   4.4350   16.3910    1.0919   0.0859   0.0807  -0.0261   1.0511  -0.2463   1.0718   0.2257
   0.8250   0.0884   4.2462   15.9017    1.0873   0.0804   0.0750  -0.0250   1.0484  -0.2467   1.0677   0.2206
   0.8500   0.0859   4.0638   15.4151    1.0807   0.0752   0.0714  -0.0243   1.0439  -0.2460   1.0618   0.2147
   0.8750   0.0833   3.8818   14.9209    1.0730   0.0702   0.0645  -0.0239   1.0384  -0.2444   1.0549   0.2084
   0.9000   0.0808   3.7048   14.3681    1.0715   0.0644   0.0585  -0.0243   1.0386  -0.2441   1.0540   0.2035
   0.9250   0.0783   3.5277   13.7237    1.0692   0.0577   0.0515  -0.0245   1.0382  -0.2424   1.0523   0.1976
   0.9500   0.0758   3.3470   12.8842    1.0550   0.0503   0.0439  -0.0250   1.0270  -0.2342   1.0396   0.1862
   0.9750   0.0732   3.1731   11.2316    1.0307   0.0371   0.0300  -0.0285   1.0075  -0.2150   1.0181   0.1644
   1.0000   0.0707   3.0000    9.5782    1.0106   0.0252   0.0180  -0.0347   0.9919  -0.1955   1.0007   0.1433

 ++++++++++++++++++++++++++++++++++++++++++++++++
 ++++++++++++++++++++++++++++++++++++++++++++++++++++++++++++++

 NREL-PhaseVI                            ***** XTurb-PSU  -  OUTPUT 2 *****
   Blade Number      BN =  2

   Solidity
   0.0519
                                  +    BLADE ELEMENT MOMENTUM THEORY (BEMT)   +

  PREDICTION
       VWIND [m/s] RPM [1/min]   PITCH [deg]
      15.0000      72.0000       3.0000

   Number   TSR      PITCH [deg]      CT       CP       CPV      CB       CBV
        7   2.5284   3.0000           0.1696  -0.0871   0.0463  -0.0586  -0.0108

   "Thrust"   >   0      =>      Downwind Direction
   "Torque"   <   0      =>      Energy Extraction 
 (Wind Turbine)   =>   Power = Torque * TSR
   "Bending"  <   0      =>      Flap Bending towards Downwind

   r/R     Chord/R Twist[deg] AOA[deg]  CL       CD
        CDP      CM       CThrust  CTorque  CNormal  CTangen
 ------------------------------------------------
 --------------------------------------------------------------
   0.2500   0.1465  24.8560   18.8536    1.0858   0.1218   0.1186  -0.0421   0.8690  -0.1656   1.0669   0.2356
   0.2750   0.1440  21.9732   23.2387    1.0146   0.2315   0.1424  -0.0584   0.8790  -0.1532   1.0236   0.1876
   0.3000   0.1414  19.1080   27.6062    0.9482   0.3472   0.1424  -0.0584   0.9028  -0.1357   1.0011   0.1317
   0.3250   0.1389  16.9803   28.9722    0.9274   0.3834   0.1424  -0.0584   0.9204  -0.1300   0.9971   0.1139
   0.3500   0.1364  15.2840   29.3746    0.9213   0.3940   0.1424  -0.0584   0.9323  -0.1286   0.9961   0.1086
   0.3750   0.1339  13.6465   29.5675    0.9184   0.3991   0.1424  -0.0584   0.9426  -0.1267   0.9957   0.1060
   0.4000   0.1313  12.2696   29.4547    0.9201   0.3961   0.1424  -0.0584   0.9504  -0.1267   0.9960   0.1075
   0.4250   0.1288  11.1749   29.0682    0.9260   0.3859   0.1424  -0.0584   0.9561  -0.1291   0.9968   0.1126
   0.4500   0.1263  10.0891   28.7203    0.9313   0.3767   0.1424  -0.0584   0.9618  -0.1306   0.9977   0.1172
   0.4750   0.1238   9.2610   28.1612    0.9398   0.3619   0.1424  -0.0584   0.9662  -0.1348   0.9993   0.1245
   0.5000   0.1212   8.5110   27.5839    0.9485   0.3466   0.1424  -0.0584   0.9706  -0.1394   1.0012   0.1320
   0.5250   0.1187   7.8890   26.9373    0.9584   0.3294   0.1424  -0.0584   0.9749  -0.1454   1.0036   0.1405
   0.5500   0.1162   7.3390   26.2786    0.9684   0.3120   0.1424  -0.0584   0.9792  -0.1520   1.0064   0.1490
   0.5750   0.1137   6.8225   25.6455    0.9780   0.2952   0.1424  -0.0584   0.9836  -0.1587   1.0094   0.1571
   0.6000   0.1111   6.4401   24.9308    0.9889   0.2763   0.1424  -0.0584   0.9881  -0.1673   1.0132   0.1663
   0.6250   0.1086   6.0578   24.2701    0.9989   0.2588   0.1424  -0.0584   0.9929  -0.1756   1.0170   0.1747
   0.6500   0.1061   5.7490   23.5838    1.0093   0.2406   0.1424  -0.0584   0.9978  -0.1850   1.0213   0.1833
   0.6750   0.1035   5.4813   22.9019    1.0197   0.2225   0.1424  -0.0584   1.0029  -0.1950   1.0259   0.1918
   0.7000   0.1010   5.2349   22.2410    1.0297   0.2050   0.1424  -0.0584   1.0082  -0.2052   1.0307   0.2000
   0.7250   0.0985   5.0263   21.5800    1.0398   0.1875   0.1424  -0.0584   1.0137  -0.2161   1.0359   0.2080
   0.7500   0.0960   4.8177   20.9537    1.0493   0.1709   0.1424  -0.0584   1.0193  -0.2267   1.0410   0.2156
   0.7750   0.0934   4.6256   20.3402    1.0586   0.1547   0.1431  -0.0584   1.0250  -0.2376   1.0464   0.2229
   0.8000   0.0909   4.4350   19.7454    1.0695   0.1399   0.1367  -0.0543   1.0329  -0.2483   1.0538   0.2296
   0.8250   0.0884   4.2462   19.1637    1.0810   0.1277   0.1243  -0.0459   1.0427  -0.2576   1.0630   0.2342
   0.8500   0.0859   4.0638   18.5889    1.0892   0.1171   0.1135  -0.0393   1.0503  -0.2648   1.0697   0.2363
   0.8750   0.0833   3.8818   18.0132    1.0941   0.1077   0.1036  -0.0342   1.0553  -0.2696   1.0738   0.2359
   0.9000   0.0808   3.7048   17.4074    1.0957   0.0989   0.0943  -0.0303   1.0578  -0.2722   1.0751   0.2335
   0.9250   0.0783   3.5277   16.7263    1.0940   0.0900   0.0848  -0.0272   1.0575  -0.2723   1.0736   0.2287
   0.9500   0.0758   3.3470   15.8490    1.0866   0.0798   0.0743  -0.0250   1.0524  -0.2678   1.0671   0.2200
   0.9750   0.0732   3.1731   14.2138    1.0723   0.0626   0.0569  -0.0243   1.0420  -0.2541   1.0548   0.2026
   1.0000   0.0707   3.0000   12.5778    1.0496   0.0477   0.0412  -0.0254   1.0238  -0.2359   1.0348   0.1820

 ++++++++++++++++++++++++++++++++++++++++++++++++
 ++++++++++++++++++++++++++++++++++++++++++++++++++++++++++++++

 NREL-PhaseVI                            ***** XTurb-PSU  -  OUTPUT 2 *****
   Blade Number      BN =  2

   Solidity
   0.0519
                                  +    BLADE ELEMENT MOMENTUM THEORY (BEMT)   +

  PREDICTION
       VWIND [m/s] RPM [1/min]   PITCH [deg]
      17.0000      72.0000       3.0000

   Number   TSR      PITCH [deg]      CT       CP       CPV      CB       CBV
        8   2.2309   3.0000           0.1403  -0.0575   0.0468  -0.0479  -0.0140

   "Thrust"   >   0      =>      Downwind Direction
   "Torque"   <   0      =>      Energy Extraction 
 (Wind Turbine)   =>   Power = Torque * TSR
   "Bending"  <   0      =>      Flap Bending towards Downwind

   r/R     Chord/R Twist[deg] AOA[deg]  CL       CD
        CDP      CM       CThrust  CTorque  CNormal  CTangen
 ------------------------------------------------
 --------------------------------------------------------------
   0.2500   0.1465  24.8560   23.6121    1.0089   0.2414   0.1424  -0.0584   0.8496  -0.1488   1.0211   0.1830
   0.2750   0.1440  21.9732   27.6120    0.9481   0.3473   0.1424  -0.0584   0.8791  -0.1366   1.0011   0.1317
   0.3000   0.1414  19.1080   31.5942    0.8876   0.4528   0.1424  -0.0584   0.9126  -0.1200   0.9933   0.0793
   0.3250   0.1389  16.9803   32.8884    0.8679   0.4871   0.1424  -0.0584   0.9318  -0.1136   0.9933   0.0623
   0.3500   0.1364  15.2840   33.2704    0.8621   0.4972   0.1424  -0.0584   0.9434  -0.1110   0.9936   0.0572
   0.3750   0.1339  13.6465   33.4519    0.8594   0.5020   0.1424  -0.0584   0.9527  -0.1079   0.9937   0.0549
   0.4000   0.1313  12.2696   33.3264    0.8613   0.4987   0.1424  -0.0584   0.9589  -0.1065   0.9936   0.0565
   0.4250   0.1288  11.1749   32.9222    0.8674   0.4880   0.1424  -0.0584   0.9625  -0.1076   0.9933   0.0618
   0.4500   0.1263  10.0891   32.5501    0.8731   0.4781   0.1424  -0.0584   0.9661  -0.1079   0.9932   0.0667
   0.4750   0.1238   9.2610   31.9613    0.8820   0.4625   0.1424  -0.0584   0.9682  -0.1108   0.9932   0.0745
   0.5000   0.1212   8.5110   31.3489    0.8913   0.4463   0.1424  -0.0584   0.9702  -0.1143   0.9934   0.0826
   0.5250   0.1187   7.8890   30.6629    0.9018   0.4281   0.1424  -0.0584   0.9720  -0.1193   0.9940   0.0916
   0.5500   0.1162   7.3390   29.9611    0.9124   0.4095   0.1424  -0.0584   0.9740  -0.1249   0.9950   0.1009
   0.5750   0.1137   6.8225   29.2819    0.9227   0.3916   0.1424  -0.0584   0.9763  -0.1307   0.9963   0.1098
   0.6000   0.1111   6.4401   28.5191    0.9343   0.3713   0.1424  -0.0584   0.9785  -0.1386   0.9983   0.1198
   0.6250   0.1086   6.0578   27.8085    0.9451   0.3525   0.1424  -0.0584   0.9812  -0.1462   1.0004   0.1291
   0.6500   0.1061   5.7490   27.0715    0.9563   0.3330   0.1424  -0.0584   0.9842  -0.1550   1.0031   0.1387
   0.6750   0.1035   5.4813   26.3382    0.9675   0.3136   0.1424  -0.0584   0.9874  -0.1645   1.0062   0.1482
   0.7000   0.1010   5.2349   25.6257    0.9783   0.2947   0.1424  -0.0584   0.9910  -0.1742   1.0095   0.1574
   0.7250   0.0985   5.0263   24.9136    0.9891   0.2758   0.1424  -0.0584   0.9948  -0.1846   1.0133   0.1665
   0.7500   0.0960   4.8177   24.2368    0.9994   0.2579   0.1424  -0.0584   0.9989  -0.1949   1.0172   0.1751
   0.7750   0.0934   4.6256   23.5739    1.0095   0.2403   0.1424  -0.0584   1.0032  -0.2055   1.0214   0.1834
   0.8000   0.0909   4.4350   22.9355    1.0192   0.2234   0.1424  -0.0584   1.0078  -0.2161   1.0257   0.1914
   0.8250   0.0884   4.2462   22.3147    1.0286   0.2070   0.1424  -0.0584   1.0126  -0.2267   1.0302   0.1991
   0.8500   0.0859   4.0638   21.6975    1.0380   0.1906   0.1424  -0.0584   1.0177  -0.2375   1.0349   0.2066
   0.8750   0.0833   3.8818   21.0766    1.0474   0.1742   0.1424  -0.0584   1.0231  -0.2485   1.0400   0.2141
   0.9000   0.0808   3.7048   20.4230    1.0574   0.1569   0.1428  -0.0584   1.0291  -0.2601   1.0456   0.2219
   0.9250   0.0783   3.5277   19.6859    1.0708   0.1386   0.1353  -0.0533   1.0387  -0.2726   1.0549   0.2302
   0.9500   0.0758   3.3470   18.7395    1.0873   0.1198   0.1166  -0.0409   1.0525  -0.2830   1.0681   0.2359
   0.9750   0.0732   3.1731   17.0781    1.0954   0.0944   0.0896  -0.0286   1.0603  -0.2833   1.0748   0.2314
   1.0000   0.0707   3.0000   15.4160    1.0807   0.0752   0.0714  -0.0243   1.0491  -0.2700   1.0618   0.2148

 ++++++++++++++++++++++++++++++++++++++++++++++++
 ++++++++++++++++++++++++++++++++++++++++++++++++++++++++++++++

 NREL-PhaseVI                            ***** XTurb-PSU  -  OUTPUT 2 *****
   Blade Number      BN =  2

   Solidity
   0.0519
                                  +    BLADE ELEMENT MOMENTUM THEORY (BEMT)   +

  PREDICTION
       VWIND [m/s] RPM [1/min]   PITCH [deg]
      19.0000      72.0000       3.0000

   Number   TSR      PITCH [deg]      CT       CP       CPV      CB       CBV
        9   1.9961   3.0000           0.1203  -0.0379   0.0453  -0.0406  -0.0167

   "Thrust"   >   0      =>      Downwind Direction
   "Torque"   <   0      =>      Energy Extraction 
 (Wind Turbine)   =>   Power = Torque * TSR
   "Bending"  <   0      =>      Flap Bending towards Downwind

   r/R     Chord/R Twist[deg] AOA[deg]  CL       CD
        CDP      CM       CThrust  CTorque  CNormal  CTangen
 ------------------------------------------------
 --------------------------------------------------------------
   0.2500   0.1465  24.8560   27.3924    0.9515   0.3415   0.1424  -0.0584   0.8525  -0.1358   1.0019   0.1345
   0.2750   0.1440  21.9732   31.1699    0.8940   0.4416   0.1424  -0.0584   0.8896  -0.1239   0.9935   0.0849
   0.3000   0.1414  19.1080   34.9296    0.8369   0.5412   0.1424  -0.0584   0.9295  -0.1079   0.9960   0.0355
   0.3250   0.1389  16.9803   36.2057    0.8175   0.5750   0.1424  -0.0584   0.9502  -0.1007   0.9993   0.0190
   0.3500   0.1364  15.2840   36.6034    0.8115   0.5855   0.1424  -0.0584   0.9615  -0.0970   1.0006   0.0138
   0.3750   0.1339  13.6465   36.8044    0.8084   0.5908   0.1424  -0.0584   0.9703  -0.0927   1.0012   0.0112
   0.4000   0.1313  12.2696   36.6945    0.8101   0.5879   0.1424  -0.0584   0.9753  -0.0900   1.0009   0.0127
   0.4250   0.1288  11.1749   36.2994    0.8161   0.5775   0.1424  -0.0584   0.9772  -0.0897   0.9996   0.0177
   0.4500   0.1263  10.0891   35.9288    0.8217   0.5676   0.1424  -0.0584   0.9791  -0.0887   0.9985   0.0225
   0.4750   0.1238   9.2610   35.3349    0.8308   0.5519   0.1424  -0.0584   0.9791  -0.0904   0.9969   0.0302
   0.5000   0.1212   8.5110   34.7108    0.8402   0.5354   0.1424  -0.0584   0.9789  -0.0926   0.9956   0.0384
   0.5250   0.1187   7.8890   34.0075    0.8509   0.5167   0.1424  -0.0584   0.9785  -0.0964   0.9944   0.0476
   0.5500   0.1162   7.3390   33.2836    0.8619   0.4976   0.1424  -0.0584   0.9782  -0.1009   0.9936   0.0571
   0.5750   0.1137   6.8225   32.5781    0.8726   0.4789   0.1424  -0.0584   0.9783  -0.1057   0.9932   0.0664
   0.6000   0.1111   6.4401   31.7856    0.8847   0.4579   0.1424  -0.0584   0.9783  -0.1126   0.9932   0.0768
   0.6250   0.1086   6.0578   31.0427    0.8960   0.4382   0.1424  -0.0584   0.9789  -0.1194   0.9936   0.0866
   0.6500   0.1061   5.7490   30.2710    0.9077   0.4178   0.1424  -0.0584   0.9798  -0.1273   0.9945   0.0968
   0.6750   0.1035   5.4813   29.5015    0.9194   0.3974   0.1424  -0.0584   0.9811  -0.1360   0.9959   0.1069
   0.7000   0.1010   5.2349   28.7516    0.9308   0.3775   0.1424  -0.0584   0.9828  -0.1451   0.9976   0.1168
   0.7250   0.0985   5.0263   28.0013    0.9422   0.3576   0.1424  -0.0584   0.9849  -0.1549   0.9998   0.1266
   0.7500   0.0960   4.8177   27.2861    0.9531   0.3387   0.1424  -0.0584   0.9873  -0.1647   1.0023   0.1359
   0.7750   0.0934   4.6256   26.5850    0.9637   0.3201   0.1424  -0.0584   0.9901  -0.1748   1.0051   0.1450
   0.8000   0.0909   4.4350   25.9091    0.9740   0.3022   0.1424  -0.0584   0.9932  -0.1850   1.0081   0.1537
   0.8250   0.0884   4.2462   25.2521    0.9840   0.2848   0.1424  -0.0584   0.9967  -0.1952   1.0115   0.1622
   0.8500   0.0859   4.0638   24.6011    0.9939   0.2676   0.1424  -0.0584   1.0004  -0.2057   1.0150   0.1705
   0.8750   0.0833   3.8818   23.9500    1.0038   0.2503   0.1424  -0.0584   1.0045  -0.2164   1.0190   0.1787
   0.9000   0.0808   3.7048   23.2727    1.0141   0.2324   0.1424  -0.0584   1.0091  -0.2276   1.0234   0.1872
   0.9250   0.0783   3.5277   22.5299    1.0254   0.2127   0.1424  -0.0584   1.0146  -0.2399   1.0286   0.1964
   0.9500   0.0758   3.3470   21.6081    1.0394   0.1883   0.1424  -0.0584   1.0218  -0.2544   1.0357   0.2077
   0.9750   0.0732   3.1731   19.9936    1.0639   0.1455   0.1423  -0.0583   1.0354  -0.2777   1.0496   0.2270
   1.0000   0.0707   3.0000   18.3784    1.0913   0.1135   0.1109  -0.0373   1.0576  -0.2921   1.0715   0.2363

 ++++++++++++++++++++++++++++++++++++++++++++++++
 ++++++++++++++++++++++++++++++++++++++++++++++++++++++++++++++

 NREL-PhaseVI                            ***** XTurb-PSU  -  OUTPUT 2 *****
   Blade Number      BN =  2

   Solidity
   0.0519
                                  +    BLADE ELEMENT MOMENTUM THEORY (BEMT)   +

  PREDICTION
       VWIND [m/s] RPM [1/min]   PITCH [deg]
      21.0000      72.0000       3.0000

   Number   TSR      PITCH [deg]      CT       CP       CPV      CB       CBV
       10   1.8060   3.0000           0.1066  -0.0254   0.0425  -0.0355  -0.0191

   "Thrust"   >   0      =>      Downwind Direction
   "Torque"   <   0      =>      Energy Extraction 
 (Wind Turbine)   =>   Power = Torque * TSR
   "Bending"  <   0      =>      Flap Bending towards Downwind

   r/R     Chord/R Twist[deg] AOA[deg]  CL       CD
        CDP      CM       CThrust  CTorque  CNormal  CTangen
 ------------------------------------------------
 --------------------------------------------------------------
   0.2500   0.1465  24.8560   30.4828    0.9045   0.4234   0.1424  -0.0584   0.8626  -0.1258   0.9942   0.0940
   0.2750   0.1440  21.9732   34.1276    0.8491   0.5199   0.1424  -0.0584   0.9051  -0.1141   0.9946   0.0460
   0.3000   0.1414  19.1080   37.7547    0.7940   0.6160   0.1424  -0.0584   0.9498  -0.0984   1.0049  -0.0009
   0.3250   0.1389  16.9803   39.0433    0.7744   0.6501   0.1424  -0.0584   0.9719  -0.0906   1.0110  -0.0171
   0.3500   0.1364  15.2840   39.4773    0.7678   0.6616   0.1424  -0.0584   0.9834  -0.0859   1.0133  -0.0226
   0.3750   0.1339  13.6465   39.7160    0.7642   0.6680   0.1424  -0.0584   0.9920  -0.0805   1.0146  -0.0255
   0.4000   0.1313  12.2696   39.6395    0.7653   0.6659   0.1424  -0.0584   0.9963  -0.0766   1.0142  -0.0246
   0.4250   0.1288  11.1749   39.2710    0.7709   0.6562   0.1424  -0.0584   0.9969  -0.0750   1.0122  -0.0200
   0.4500   0.1263  10.0891   38.9197    0.7763   0.6469   0.1424  -0.0584   0.9975  -0.0727   1.0103  -0.0156
   0.4750   0.1238   9.2610   38.3379    0.7851   0.6315   0.1424  -0.0584   0.9957  -0.0731   1.0075  -0.0083
   0.5000   0.1212   8.5110   37.7193    0.7945   0.6151   0.1424  -0.0584   0.9938  -0.0741   1.0048  -0.0004
   0.5250   0.1187   7.8890   37.0155    0.8052   0.5964   0.1424  -0.0584   0.9913  -0.0766   1.0020   0.0085
   0.5500   0.1162   7.3390   36.2857    0.8163   0.5771   0.1424  -0.0584   0.9891  -0.0800   0.9995   0.0179
   0.5750   0.1137   6.8225   35.5695    0.8272   0.5581   0.1424  -0.0584   0.9872  -0.0837   0.9975   0.0272
   0.6000   0.1111   6.4401   34.7625    0.8395   0.5367   0.1424  -0.0584   0.9852  -0.0895   0.9957   0.0377
   0.6250   0.1086   6.0578   34.0015    0.8510   0.5166   0.1424  -0.0584   0.9838  -0.0952   0.9944   0.0476
   0.6500   0.1061   5.7490   33.2089    0.8631   0.4956   0.1424  -0.0584   0.9827  -0.1022   0.9935   0.0580
   0.6750   0.1035   5.4813   32.4159    0.8751   0.4746   0.1424  -0.0584   0.9821  -0.1101   0.9932   0.0685
   0.7000   0.1010   5.2349   31.6408    0.8869   0.4540   0.1424  -0.0584   0.9819  -0.1183   0.9932   0.0787
   0.7250   0.0985   5.0263   30.8637    0.8987   0.4335   0.1424  -0.0584   0.9822  -0.1274   0.9938   0.0890
   0.7500   0.0960   4.8177   30.1207    0.9100   0.4138   0.1424  -0.0584   0.9830  -0.1365   0.9948   0.0988
   0.7750   0.0934   4.6256   29.3913    0.9211   0.3945   0.1424  -0.0584   0.9841  -0.1460   0.9961   0.1084
   0.8000   0.0909   4.4350   28.6869    0.9318   0.3758   0.1424  -0.0584   0.9857  -0.1555   0.9978   0.1176
   0.8250   0.0884   4.2462   28.0020    0.9422   0.3576   0.1424  -0.0584   0.9877  -0.1652   0.9998   0.1266
   0.8500   0.0859   4.0638   27.3243    0.9525   0.3397   0.1424  -0.0584   0.9900  -0.1752   1.0021   0.1354
   0.8750   0.0833   3.8818   26.6491    0.9628   0.3218   0.1424  -0.0584   0.9928  -0.1854   1.0048   0.1442
   0.9000   0.0808   3.7048   25.9522    0.9733   0.3033   0.1424  -0.0584   0.9959  -0.1962   1.0079   0.1532
   0.9250   0.0783   3.5277   25.1987    0.9848   0.2834   0.1424  -0.0584   0.9998  -0.2079   1.0117   0.1629
   0.9500   0.0758   3.3470   24.2879    0.9986   0.2593   0.1424  -0.0584   1.0050  -0.2218   1.0169   0.1744
   0.9750   0.0732   3.1731   22.7672    1.0217   0.2190   0.1424  -0.0584   1.0146  -0.2438   1.0269   0.1935
   1.0000   0.0707   3.0000   21.2457    1.0449   0.1787   0.1424  -0.0584   1.0261  -0.2662   1.0386   0.2121

 ++++++++++++++++++++++++++++++++++++++++++++++++
 ++++++++++++++++++++++++++++++++++++++++++++++++++++++++++++++

 NREL-PhaseVI                            ***** XTurb-PSU  -  OUTPUT 2 *****
   Blade Number      BN =  2

   Solidity
   0.0519
                                  +    BLADE ELEMENT MOMENTUM THEORY (BEMT)   +

  PREDICTION
       VWIND [m/s] RPM [1/min]   PITCH [deg]
      23.0000      72.0000       3.0000

   Number   TSR      PITCH [deg]      CT       CP       CPV      CB       CBV
       11   1.6489   3.0000           0.0969  -0.0172   0.0391  -0.0319  -0.0210

   "Thrust"   >   0      =>      Downwind Direction
   "Torque"   <   0      =>      Energy Extraction 
 (Wind Turbine)   =>   Power = Torque * TSR
   "Bending"  <   0      =>      Flap Bending towards Downwind

   r/R     Chord/R Twist[deg] AOA[deg]  CL       CD
        CDP      CM       CThrust  CTorque  CNormal  CTangen
 ------------------------------------------------
 --------------------------------------------------------------
   0.2500   0.1465  24.8560   33.0604    0.8653   0.4916   0.1424  -0.0584   0.8762  -0.1180   0.9934   0.0600
   0.2750   0.1440  21.9732   36.6258    0.8111   0.5861   0.1424  -0.0584   0.9229  -0.1064   1.0006   0.0135
   0.3000   0.1414  19.1080   40.1736    0.7572   0.6801   0.1424  -0.0584   0.9715  -0.0911   1.0173  -0.0312
   0.3250   0.1389  16.9803   41.4918    0.7372   0.7150   0.1424  -0.0584   0.9949  -0.0827   1.0259  -0.0472
   0.3500   0.1364  15.2840   41.9733    0.7299   0.7278   0.1424  -0.0584   1.0069  -0.0771   1.0293  -0.0529
   0.3750   0.1339  13.6465   42.2601    0.7255   0.7354   0.1424  -0.0584   1.0156  -0.0707   1.0315  -0.0563
   0.4000   0.1313  12.2696   42.2274    0.7260   0.7345   0.1424  -0.0584   1.0196  -0.0658   1.0312  -0.0559
   0.4250   0.1288  11.1749   41.8967    0.7310   0.7257   0.1424  -0.0584   1.0194  -0.0630   1.0288  -0.0520
   0.4500   0.1263  10.0891   41.5761    0.7359   0.7172   0.1424  -0.0584   1.0190  -0.0596   1.0265  -0.0482
   0.4750   0.1238   9.2610   41.0184    0.7444   0.7025   0.1424  -0.0584   1.0160  -0.0587   1.0227  -0.0415
   0.5000   0.1212   8.5110   40.4175    0.7535   0.6865   0.1424  -0.0584   1.0126  -0.0585   1.0188  -0.0342
   0.5250   0.1187   7.8890   39.7255    0.7640   0.6682   0.1424  -0.0584   1.0086  -0.0598   1.0147  -0.0256
   0.5500   0.1162   7.3390   39.0021    0.7750   0.6490   0.1424  -0.0584   1.0046  -0.0619   1.0108  -0.0166
   0.5750   0.1137   6.8225   38.2874    0.7859   0.6301   0.1424  -0.0584   1.0010  -0.0644   1.0073  -0.0076
   0.6000   0.1111   6.4401   37.4776    0.7982   0.6087   0.1424  -0.0584   0.9971  -0.0691   1.0038   0.0026
   0.6250   0.1086   6.0578   36.7100    0.8099   0.5883   0.1424  -0.0584   0.9940  -0.0738   1.0009   0.0125
   0.6500   0.1061   5.7490   35.9075    0.8221   0.5671   0.1424  -0.0584   0.9911  -0.0798   0.9984   0.0228
   0.6750   0.1035   5.4813   35.1019    0.8343   0.5457   0.1424  -0.0584   0.9886  -0.0866   0.9964   0.0333
   0.7000   0.1010   5.2349   34.3117    0.8463   0.5248   0.1424  -0.0584   0.9867  -0.0939   0.9949   0.0436
   0.7250   0.0985   5.0263   33.5176    0.8584   0.5038   0.1424  -0.0584   0.9853  -0.1021   0.9938   0.0540
   0.7500   0.0960   4.8177   32.7560    0.8699   0.4836   0.1424  -0.0584   0.9844  -0.1104   0.9933   0.0640
   0.7750   0.0934   4.6256   32.0070    0.8813   0.4637   0.1424  -0.0584   0.9840  -0.1191   0.9931   0.0739
   0.8000   0.0909   4.4350   31.2822    0.8923   0.4445   0.1424  -0.0584   0.9840  -0.1280   0.9934   0.0834
   0.8250   0.0884   4.2462   30.5768    0.9031   0.4259   0.1424  -0.0584   0.9845  -0.1370   0.9941   0.0927
   0.8500   0.0859   4.0638   29.8792    0.9137   0.4074   0.1424  -0.0584   0.9854  -0.1464   0.9952   0.1019
   0.8750   0.0833   3.8818   29.1855    0.9242   0.3890   0.1424  -0.0584   0.9868  -0.1560   0.9966   0.1111
   0.9000   0.0808   3.7048   28.4735    0.9350   0.3701   0.1424  -0.0584   0.9885  -0.1662   0.9984   0.1204
   0.9250   0.0783   3.5277   27.7118    0.9466   0.3500   0.1424  -0.0584   0.9908  -0.1773   1.0008   0.1304
   0.9500   0.0758   3.3470   26.8093    0.9603   0.3261   0.1424  -0.0584   0.9941  -0.1905   1.0042   0.1421
   0.9750   0.0732   3.1731   25.3597    0.9823   0.2877   0.1424  -0.0584   1.0004  -0.2111   1.0109   0.1608
   1.0000   0.0707   3.0000   23.9093    1.0044   0.2492   0.1424  -0.0584   1.0084  -0.2323   1.0192   0.1792

 ++++++++++++++++++++++++++++++++++++++++++++++++
 ++++++++++++++++++++++++++++++++++++++++++++++++++++++++++++++

 NREL-PhaseVI                            ***** XTurb-PSU  -  OUTPUT 2 *****
   Blade Number      BN =  2

   Solidity
   0.0519
                                  +    BLADE ELEMENT MOMENTUM THEORY (BEMT)   +

  PREDICTION
       VWIND [m/s] RPM [1/min]   PITCH [deg]
      25.0000      72.0000       3.0000

   Number   TSR      PITCH [deg]      CT       CP       CPV      CB       CBV
       12   1.5170   3.0000           0.0898  -0.0118   0.0357  -0.0292  -0.0226

   "Thrust"   >   0      =>      Downwind Direction
   "Torque"   <   0      =>      Energy Extraction 
 (Wind Turbine)   =>   Power = Torque * TSR
   "Bending"  <   0      =>      Flap Bending towards Downwind

   r/R     Chord/R Twist[deg] AOA[deg]  CL       CD
        CDP      CM       CThrust  CTorque  CNormal  CTangen
 ------------------------------------------------
 --------------------------------------------------------------
   0.2500   0.1465  24.8560   35.2441    0.8321   0.5495   0.1424  -0.0584   0.8912  -0.1119   0.9967   0.0314
   0.2750   0.1440  21.9732   38.7631    0.7787   0.6427   0.1424  -0.0584   0.9413  -0.1004   1.0096  -0.0136
   0.3000   0.1414  19.1080   42.2644    0.7254   0.7355   0.1424  -0.0584   0.9931  -0.0853   1.0315  -0.0564
   0.3250   0.1389  16.9803   43.6213    0.7048   0.7714   0.1424  -0.0584   1.0181  -0.0765   1.0424  -0.0722
   0.3500   0.1364  15.2840   44.1559    0.6967   0.7856   0.1424  -0.0584   1.0307  -0.0702   1.0471  -0.0783
   0.3750   0.1339  13.6465   44.4961    0.6915   0.7946   0.1424  -0.0584   1.0399  -0.0630   1.0502  -0.0821
   0.4000   0.1313  12.2696   44.5130    0.6913   0.7950   0.1424  -0.0584   1.0438  -0.0571   1.0503  -0.0823
   0.4250   0.1288  11.1749   44.2265    0.6956   0.7874   0.1424  -0.0584   1.0432  -0.0533   1.0477  -0.0791
   0.4500   0.1263  10.0891   43.9439    0.6999   0.7800   0.1424  -0.0584   1.0423  -0.0488   1.0452  -0.0759
   0.4750   0.1238   9.2610   43.4182    0.7079   0.7660   0.1424  -0.0584   1.0384  -0.0468   1.0407  -0.0699
   0.5000   0.1212   8.5110   42.8434    0.7166   0.7508   0.1424  -0.0584   1.0339  -0.0454   1.0360  -0.0632
   0.5250   0.1187   7.8890   42.1719    0.7269   0.7330   0.1424  -0.0584   1.0286  -0.0455   1.0308  -0.0553
   0.5500   0.1162   7.3390   41.4637    0.7376   0.7143   0.1424  -0.0584   1.0233  -0.0465   1.0257  -0.0468
   0.5750   0.1137   6.8225   40.7596    0.7483   0.6956   0.1424  -0.0584   1.0183  -0.0479   1.0210  -0.0383
   0.6000   0.1111   6.4401   39.9562    0.7605   0.6743   0.1424  -0.0584   1.0128  -0.0514   1.0160  -0.0285
   0.6250   0.1086   6.0578   39.1910    0.7722   0.6541   0.1424  -0.0584   1.0081  -0.0549   1.0118  -0.0190
   0.6500   0.1061   5.7490   38.3875    0.7844   0.6328   0.1424  -0.0584   1.0036  -0.0599   1.0077  -0.0089
   0.6750   0.1035   5.4813   37.5779    0.7967   0.6113   0.1424  -0.0584   0.9995  -0.0657   1.0042   0.0014
   0.7000   0.1010   5.2349   36.7811    0.8088   0.5902   0.1424  -0.0584   0.9959  -0.0720   1.0012   0.0115
   0.7250   0.0985   5.0263   35.9783    0.8210   0.5689   0.1424  -0.0584   0.9929  -0.0792   0.9986   0.0219
   0.7500   0.0960   4.8177   35.2059    0.8327   0.5485   0.1424  -0.0584   0.9904  -0.0866   0.9966   0.0319
   0.7750   0.0934   4.6256   34.4447    0.8443   0.5283   0.1424  -0.0584   0.9885  -0.0945   0.9951   0.0418
   0.8000   0.0909   4.4350   33.7067    0.8555   0.5088   0.1424  -0.0584   0.9871  -0.1026   0.9940   0.0515
   0.8250   0.0884   4.2462   32.9873    0.8664   0.4897   0.1424  -0.0584   0.9861  -0.1108   0.9934   0.0610
   0.8500   0.0859   4.0638   32.2758    0.8772   0.4709   0.1424  -0.0584   0.9857  -0.1195   0.9931   0.0703
   0.8750   0.0833   3.8818   31.5691    0.8880   0.4521   0.1424  -0.0584   0.9856  -0.1284   0.9933   0.0797
   0.9000   0.0808   3.7048   30.8463    0.8990   0.4330   0.1424  -0.0584   0.9860  -0.1379   0.9938   0.0892
   0.9250   0.0783   3.5277   30.0792    0.9106   0.4127   0.1424  -0.0584   0.9868  -0.1483   0.9948   0.0993
   0.9500   0.0758   3.3470   29.1846    0.9242   0.3890   0.1424  -0.0584   0.9884  -0.1606   0.9966   0.1111
   0.9750   0.0732   3.1731   27.7924    0.9454   0.3521   0.1424  -0.0584   0.9918  -0.1799   1.0005   0.1293
   1.0000   0.0707   3.0000   26.3994    0.9665   0.3152   0.1424  -0.0584   0.9968  -0.1999   1.0059   0.1474
