
 ++++++++++++++++++++++++++++++++++++++++++++++++
 ++++++++++++++++++++++++++++++++++++++++++++++++
 +++++++++++++++++++++++++++++++++++

 NREL-PhaseVI                            ***** XTurb-PSU  -  OUTPUT 3 *****
   Blade Number      BN =  2

   Solidity
   0.0519
                                  +    BLADE ELEMENT MOMENTUM THEORY (BEMT)   +
                                  + Prescribed Wake Method [Chattot, Schmitz] +

  PREDICTION
       VWIND [m/s] RPM [1/min]   PITCH [deg]
       5.0000      72.0000       3.0000

   Number   TSR      PITCH [deg]      CT       CP       CPV      CB       CBV
        1   7.5851   3.0000           0.5348  -0.3227   0.0848  -0.1883  -0.0016

   "Thrust"   >  0      =>      Downwind Direction
   "Torque"   <  0      =>      Energy Extraction 
 (Wind Turbine)   =>   Power = Torque * TSR
   "Bending"  <  0      =>      Flap Bending towards Downwind

   r/R     Chord/R Twist[deg] AOA[deg]  PHI[deg] 
  CL       CD       CL/CD    CThrust  CThrustV
  CTorque  CTorqueV CBending CBendingV
 ------------------------------------------------
 ------------------------------------------------
 -----------------------------------
   0.2500   0.1465  24.8560   -0.2899   24.5661   0.1450   0.0133  10.8682   0.1374   0.0055  -0.0120   0.0030  -0.0344  -0.0014
   0.2750   0.1440  21.9732    0.5973   22.5704   0.2160   0.0136  15.8813   0.2047   0.0052  -0.0193   0.0035  -0.0563  -0.0014
   0.3000   0.1414  19.1080    1.4668   20.5748   0.3184   0.0136  23.3499   0.3029   0.0048  -0.0297   0.0038  -0.0909  -0.0014
   0.3250   0.1389  16.9803    2.0086   18.9889   0.3824   0.0137  27.8704   0.3661   0.0045  -0.0362   0.0042  -0.1190  -0.0015
   0.3500   0.1364  15.2840    2.3591   17.6431   0.4238   0.0138  30.7742   0.4080   0.0042  -0.0404   0.0046  -0.1428  -0.0015
   0.3750   0.1339  13.6465    2.7100   16.3565   0.4653   0.0138  33.6882   0.4503   0.0039  -0.0442   0.0050  -0.1689  -0.0015
   0.4000   0.1313  12.2696    2.9581   15.2277   0.4946   0.0138  35.7509   0.4809   0.0036  -0.0466   0.0053  -0.1924  -0.0015
   0.4250   0.1288  11.1749    3.0871   14.2620   0.5100   0.0138  36.8421   0.4977   0.0034  -0.0477   0.0057  -0.2115  -0.0014
   0.4500   0.1263  10.0891    3.2441   13.3332   0.5288   0.0138  38.1807   0.5177   0.0032  -0.0488   0.0061  -0.2330  -0.0014
   0.4750   0.1238   9.2610    3.2939   12.5549   0.5347   0.0139  38.6051   0.5250   0.0030  -0.0488   0.0064  -0.2494  -0.0014
   0.5000   0.1212   8.5110    3.3329   11.8439   0.5394   0.0139  38.9373   0.5308   0.0028  -0.0486   0.0068  -0.2654  -0.0014
   0.5250   0.1187   7.8890    3.3325   11.2215   0.5394   0.0139  38.9346   0.5318   0.0027  -0.0480   0.0071  -0.2792  -0.0014
   0.5500   0.1162   7.3390    3.3212   10.6602   0.5380   0.0139  38.8382   0.5313   0.0026  -0.0473   0.0075  -0.2922  -0.0014
   0.5750   0.1137   6.8225    3.3175   10.1400   0.5376   0.0139  38.8065   0.5316   0.0024  -0.0466   0.0078  -0.3057  -0.0014
   0.6000   0.1111   6.4401    3.2636    9.7038   0.5311   0.0139  38.3474   0.5259   0.0023  -0.0455   0.0082  -0.3155  -0.0014
   0.6250   0.1086   6.0578    3.2303    9.2881   0.5271   0.0138  38.0634   0.5225   0.0022  -0.0446   0.0085  -0.3265  -0.0014
   0.6500   0.1061   5.7490    3.1744    8.9234   0.5205   0.0138  37.5866   0.5163   0.0021  -0.0436   0.0089  -0.3356  -0.0014
   0.6750   0.1035   5.4813    3.1112    8.5925   0.5129   0.0138  37.0470   0.5092   0.0021  -0.0425   0.0092  -0.3437  -0.0014
   0.7000   0.1010   5.2349    3.0493    8.2842   0.5055   0.0138  36.5193   0.5022   0.0020  -0.0414   0.0096  -0.3516  -0.0014
   0.7250   0.0985   5.0263    2.9770    8.0033   0.4969   0.0138  35.9078   0.4940   0.0019  -0.0402   0.0099  -0.3581  -0.0014
   0.7500   0.0960   4.8177    2.9136    7.7313   0.4894   0.0138  35.3815   0.4868   0.0019  -0.0391   0.0103  -0.3651  -0.0014
   0.7750   0.0934   4.6256    2.8475    7.4731   0.4815   0.0138  34.8317   0.4792   0.0018  -0.0379   0.0106  -0.3714  -0.0014
   0.8000   0.0909   4.4350    2.7847    7.2197   0.4741   0.0138  34.3097   0.4721   0.0017  -0.0367   0.0110  -0.3777  -0.0014
   0.8250   0.0884   4.2462    2.7220    6.9681   0.4667   0.0138  33.7875   0.4649   0.0017  -0.0354   0.0113  -0.3835  -0.0014
   0.8500   0.0859   4.0638    2.6521    6.7159   0.4584   0.0138  33.2056   0.4569   0.0016  -0.0339   0.0117  -0.3883  -0.0014
   0.8750   0.0833   3.8818    2.5723    6.4541   0.4490   0.0138  32.5396   0.4477   0.0016  -0.0322   0.0120  -0.3917  -0.0014
   0.9000   0.0808   3.7048    2.4690    6.1738   0.4367   0.0138  31.6811   0.4357   0.0015  -0.0299   0.0123  -0.3921  -0.0013
   0.9250   0.0783   3.5277    2.3248    5.8526   0.4197   0.0138  30.4914   0.4189   0.0014  -0.0269   0.0127  -0.3875  -0.0013
   0.9500   0.0758   3.3470    2.0948    5.4418   0.3926   0.0137  28.5861   0.3921   0.0013  -0.0224   0.0130  -0.3725  -0.0012
   0.9750   0.0732   3.1731    1.6229    4.7960   0.3368   0.0137  24.6584   0.3368   0.0011  -0.0142   0.0133  -0.3284  -0.0011
   1.0000   0.0707   3.0000    1.1503    4.1503   0.2810   0.0136  20.6780   0.2813   0.0010  -0.0068   0.0136  -0.2813  -0.0010

 ++++++++++++++++++++++++++++++++++++++++++++++++
 ++++++++++++++++++++++++++++++++++++++++++++++++
 +++++++++++++++++++++++++++++++++++

 NREL-PhaseVI                            ***** XTurb-PSU  -  OUTPUT 3 *****
   Blade Number      BN =  2

   Solidity
   0.0519
                                  +    BLADE ELEMENT MOMENTUM THEORY (BEMT)   +
                                  + Prescribed Wake Method [Chattot, Schmitz] +

  PREDICTION
       VWIND [m/s] RPM [1/min]   PITCH [deg]
       7.0000      72.0000       3.0000

   Number   TSR      PITCH [deg]      CT       CP       CPV      CB       CBV
        2   5.4179   3.0000           0.4979  -0.3495   0.0299  -0.1717  -0.0011

   "Thrust"   >  0      =>      Downwind Direction
   "Torque"   <  0      =>      Energy Extraction 
 (Wind Turbine)   =>   Power = Torque * TSR
   "Bending"  <  0      =>      Flap Bending towards Downwind

   r/R     Chord/R Twist[deg] AOA[deg]  PHI[deg] 
  CL       CD       CL/CD    CThrust  CThrustV
  CTorque  CTorqueV CBending CBendingV
 ------------------------------------------------
 ------------------------------------------------
 -----------------------------------
   0.2500   0.1465  24.8560    2.3791   27.2351   0.4261   0.0138  30.9396   0.3852   0.0063  -0.0457   0.0031  -0.0963  -0.0016
   0.2750   0.1440  21.9732    3.9268   25.8999   0.6094   0.0139  43.7810   0.5543   0.0061  -0.0698   0.0034  -0.1524  -0.0017
   0.3000   0.1414  19.1080    5.4568   24.5648   0.7873   0.0127  62.0597   0.7213   0.0053  -0.0947   0.0035  -0.2164  -0.0016
   0.3250   0.1389  16.9803    6.3101   23.2904   0.8838   0.0112  79.0735   0.8162   0.0044  -0.1102   0.0033  -0.2653  -0.0014
   0.3500   0.1364  15.2840    6.8728   22.1568   0.9290   0.0129  71.8347   0.8653   0.0049  -0.1184   0.0042  -0.3029  -0.0017
   0.3750   0.1339  13.6465    7.3628   21.0093   0.9603   0.0145  66.3992   0.9016   0.0052  -0.1240   0.0051  -0.3381  -0.0019
   0.4000   0.1313  12.2696    7.6701   19.9397   0.9752   0.0156  62.5602   0.9220   0.0053  -0.1272   0.0059  -0.3688  -0.0021
   0.4250   0.1288  11.1749    7.7722   18.9470   0.9789   0.0160  61.1559   0.9310   0.0052  -0.1286   0.0064  -0.3957  -0.0022
   0.4500   0.1263  10.0891    7.8943   17.9834   0.9833   0.0165  59.5684   0.9403   0.0051  -0.1295   0.0071  -0.4231  -0.0023
   0.4750   0.1238   9.2610    7.8383   17.0993   0.9812   0.0163  60.2841   0.9427   0.0048  -0.1297   0.0074  -0.4478  -0.0023
   0.5000   0.1212   8.5110    7.7587   16.2697   0.9784   0.0160  61.3374   0.9437   0.0045  -0.1294   0.0077  -0.4718  -0.0022
   0.5250   0.1187   7.8890    7.6149   15.5039   0.9732   0.0154  63.3517   0.9419   0.0041  -0.1288   0.0078  -0.4945  -0.0022
   0.5500   0.1162   7.3390    7.4587   14.7977   0.9664   0.0148  65.4668   0.9381   0.0038  -0.1279   0.0078  -0.5159  -0.0021
   0.5750   0.1137   6.8225    7.3265   14.1490   0.9579   0.0143  66.7618   0.9324   0.0035  -0.1266   0.0080  -0.5361  -0.0020
   0.6000   0.1111   6.4401    7.1270   13.5671   0.9452   0.0137  68.8638   0.9221   0.0032  -0.1250   0.0080  -0.5532  -0.0019
   0.6250   0.1086   6.0578    6.9595   13.0173   0.9346   0.0132  70.7812   0.9135   0.0030  -0.1235   0.0080  -0.5710  -0.0019
   0.6500   0.1061   5.7490    6.7644   12.5133   0.9221   0.0126  73.2158   0.9030   0.0027  -0.1219   0.0080  -0.5869  -0.0018
   0.6750   0.1035   5.4813    6.5629   12.0442   0.9093   0.0120  75.9888   0.8918   0.0025  -0.1202   0.0079  -0.6020  -0.0017
   0.7000   0.1010   5.2349    6.3866   11.6215   0.8925   0.0114  78.1768   0.8765   0.0023  -0.1180   0.0078  -0.6135  -0.0016
   0.7250   0.0985   5.0263    6.2099   11.2362   0.8725   0.0109  80.3068   0.8579   0.0021  -0.1155   0.0077  -0.6220  -0.0015
   0.7500   0.0960   4.8177    6.0453   10.8630   0.8539   0.0104  82.4932   0.8406   0.0020  -0.1131   0.0076  -0.6304  -0.0015
   0.7750   0.0934   4.6256    5.8792   10.5049   0.8352   0.0123  67.6840   0.8234   0.0022  -0.1086   0.0094  -0.6381  -0.0017
   0.8000   0.0909   4.4350    5.7174   10.1524   0.8169   0.0125  65.4969   0.8063   0.0022  -0.1054   0.0098  -0.6450  -0.0018
   0.8250   0.0884   4.2462    5.5552    9.8013   0.7985   0.0126  63.3518   0.7890   0.0021  -0.1019   0.0102  -0.6509  -0.0018
   0.8500   0.0859   4.0638    5.3846    9.4483   0.7788   0.0127  61.1093   0.7703   0.0021  -0.0980   0.0107  -0.6548  -0.0018
   0.8750   0.0833   3.8818    5.1996    9.0815   0.7572   0.0129  58.7159   0.7498   0.0020  -0.0934   0.0111  -0.6560  -0.0018
   0.9000   0.0808   3.7048    4.9812    8.6860   0.7317   0.0131  55.9309   0.7253   0.0020  -0.0878   0.0116  -0.6528  -0.0018
   0.9250   0.0783   3.5277    4.7009    8.2286   0.6994   0.0133  52.6948   0.6941   0.0019  -0.0804   0.0122  -0.6421  -0.0018
   0.9500   0.0758   3.3470    4.2912    7.6382   0.6520   0.0136  47.8419   0.6480   0.0018  -0.0695   0.0128  -0.6156  -0.0017
   0.9750   0.0732   3.1731    3.5102    6.6833   0.5606   0.0139  40.4426   0.5584   0.0016  -0.0502   0.0134  -0.5444  -0.0016
   1.0000   0.0707   3.0000    2.7285    5.7285   0.4674   0.0138  33.8416   0.4665   0.0014  -0.0329   0.0137  -0.4665  -0.0014

 ++++++++++++++++++++++++++++++++++++++++++++++++
 ++++++++++++++++++++++++++++++++++++++++++++++++
 +++++++++++++++++++++++++++++++++++

 NREL-PhaseVI                            ***** XTurb-PSU  -  OUTPUT 3 *****
   Blade Number      BN =  2

   Solidity
   0.0519
                                  +    BLADE ELEMENT MOMENTUM THEORY (BEMT)   +
                                  + Prescribed Wake Method [Chattot, Schmitz] +

  PREDICTION
       VWIND [m/s] RPM [1/min]   PITCH [deg]
       9.0000      72.0000       3.0000

   Number   TSR      PITCH [deg]      CT       CP       CPV      CB       CBV
        3   4.2139   3.0000           0.3756  -0.2681   0.0309  -0.1310  -0.0023

   "Thrust"   >  0      =>      Downwind Direction
   "Torque"   <  0      =>      Energy Extraction 
 (Wind Turbine)   =>   Power = Torque * TSR
   "Bending"  <  0      =>      Flap Bending towards Downwind

   r/R     Chord/R Twist[deg] AOA[deg]  PHI[deg] 
  CL       CD       CL/CD    CThrust  CThrustV
  CTorque  CTorqueV CBending CBendingV
 ------------------------------------------------
 ------------------------------------------------
 -----------------------------------
   0.2500   0.1465  24.8560    3.3723   28.2283   0.5441   0.0139  39.2731   0.4860   0.0066  -0.0613   0.0031  -0.1215  -0.0016
   0.2750   0.1440  21.9732    7.1858   29.1589   0.9490   0.0139  68.2248   0.8355   0.0068  -0.1238   0.0033  -0.2298  -0.0019
   0.3000   0.1414  19.1080   10.9816   30.0896   1.0297   0.0351  29.3688   0.9085   0.0176  -0.1458   0.0091  -0.2725  -0.0053
   0.3250   0.1389  16.9803   12.6120   29.5923   1.0502   0.0480  21.8692   0.9369   0.0237  -0.1550   0.0136  -0.3045  -0.0077
   0.3500   0.1364  15.2840   13.3056   28.5896   1.0624   0.0539  19.7049   0.9586   0.0258  -0.1614   0.0166  -0.3355  -0.0090
   0.3750   0.1339  13.6465   13.7881   27.4346   1.0701   0.0583  18.3669   0.9766   0.0268  -0.1655   0.0194  -0.3662  -0.0101
   0.4000   0.1313  12.2696   13.9892   26.2587   1.0731   0.0601  17.8471   0.9890   0.0266  -0.1683   0.0216  -0.3956  -0.0106
   0.4250   0.1288  11.1749   13.9366   25.1115   1.0723   0.0596  17.9798   0.9963   0.0253  -0.1705   0.0230  -0.4234  -0.0108
   0.4500   0.1263  10.0891   13.9120   24.0012   1.0720   0.0594  18.0426   1.0035   0.0242  -0.1718   0.0244  -0.4516  -0.0109
   0.4750   0.1238   9.2610   13.6915   22.9525   1.0687   0.0574  18.6286   1.0064   0.0224  -0.1729   0.0251  -0.4781  -0.0106
   0.5000   0.1212   8.5110   13.4497   21.9607   1.0649   0.0552  19.3072   1.0083   0.0206  -0.1735   0.0256  -0.5041  -0.0103
   0.5250   0.1187   7.8890   13.1418   21.0308   1.0595   0.0525  20.1798   1.0078   0.0188  -0.1739   0.0257  -0.5291  -0.0099
   0.5500   0.1162   7.3390   12.8180   20.1570   1.0538   0.0498  21.1814   1.0064   0.0171  -0.1740   0.0257  -0.5535  -0.0094
   0.5750   0.1137   6.8225   12.5124   19.3349   1.0484   0.0472  22.2198   1.0049   0.0156  -0.1740   0.0256  -0.5778  -0.0090
   0.6000   0.1111   6.4401   12.1298   18.5700   1.0408   0.0442  23.5317   1.0007   0.0141  -0.1737   0.0252  -0.6004  -0.0085
   0.6250   0.1086   6.0578   11.7867   17.8445   1.0353   0.0415  24.9162   0.9982   0.0127  -0.1736   0.0247  -0.6239  -0.0080
   0.6500   0.1061   5.7490   11.4082   17.1572   1.0311   0.0385  26.7530   0.9966   0.0114  -0.1738   0.0239  -0.6478  -0.0074
   0.6750   0.1035   5.4813   11.0167   16.4980   1.0301   0.0353  29.1442   0.9978   0.0100  -0.1746   0.0229  -0.6735  -0.0068
   0.7000   0.1010   5.2349   10.6607   15.8956   1.0222   0.0324  31.5081   0.9920   0.0089  -0.1741   0.0218  -0.6944  -0.0062
   0.7250   0.0985   5.0263   10.2912   15.3175   1.0159   0.0305  33.2959   0.9879   0.0081  -0.1732   0.0213  -0.7162  -0.0058
   0.7500   0.0960   4.8177    9.9385   14.7562   1.0121   0.0280  36.2057   0.9859   0.0071  -0.1731   0.0203  -0.7394  -0.0053
   0.7750   0.0934   4.6256    9.5813   14.2070   1.0106   0.0253  40.0176   0.9859   0.0062  -0.1733   0.0190  -0.7641  -0.0048
   0.8000   0.0909   4.4350    9.2341   13.6691   1.0095   0.0228  44.2355   0.9863   0.0054  -0.1731   0.0177  -0.7890  -0.0043
   0.8250   0.0884   4.2462    8.8948   13.1409   1.0066   0.0207  48.6035   0.9850   0.0047  -0.1722   0.0166  -0.8126  -0.0039
   0.8500   0.0859   4.0638    8.5555   12.6193   0.9996   0.0191  52.4189   0.9796   0.0042  -0.1698   0.0158  -0.8326  -0.0035
   0.8750   0.0833   3.8818    8.1938   12.0756   0.9915   0.0177  56.1399   0.9732   0.0037  -0.1664   0.0151  -0.8516  -0.0032
   0.9000   0.0808   3.7048    7.7846   11.4894   0.9793   0.0161  60.9899   0.9629   0.0032  -0.1614   0.0142  -0.8666  -0.0029
   0.9250   0.0783   3.5277    7.2981   10.8258   0.9561   0.0143  67.0502   0.9418   0.0027  -0.1532   0.0130  -0.8712  -0.0025
   0.9500   0.0758   3.3470    6.6236    9.9706   0.9132   0.0122  75.1229   0.9015   0.0021  -0.1388   0.0114  -0.8564  -0.0020
   0.9750   0.0732   3.1731    5.5281    8.7012   0.7955   0.0126  62.9982   0.7882   0.0019  -0.1052   0.0122  -0.7685  -0.0019
   1.0000   0.0707   3.0000    4.4318    7.4318   0.6684   0.0135  49.5778   0.6645   0.0017  -0.0731   0.0134  -0.6645  -0.0017

 ++++++++++++++++++++++++++++++++++++++++++++++++
 ++++++++++++++++++++++++++++++++++++++++++++++++
 +++++++++++++++++++++++++++++++++++

 NREL-PhaseVI                            ***** XTurb-PSU  -  OUTPUT 3 *****
   Blade Number      BN =  2

   Solidity
   0.0519
                                  +    BLADE ELEMENT MOMENTUM THEORY (BEMT)   +
                                  + Prescribed Wake Method [Chattot, Schmitz] +

  PREDICTION
       VWIND [m/s] RPM [1/min]   PITCH [deg]
      10.0000      72.0000       3.0000

   Number   TSR      PITCH [deg]      CT       CP       CPV      CB       CBV
        4   3.7925   3.0000           0.3221  -0.2265   0.0343  -0.1122  -0.0032

   "Thrust"   >  0      =>      Downwind Direction
   "Torque"   <  0      =>      Energy Extraction 
 (Wind Turbine)   =>   Power = Torque * TSR
   "Bending"  <  0      =>      Flap Bending towards Downwind

   r/R     Chord/R Twist[deg] AOA[deg]  PHI[deg] 
  CL       CD       CL/CD    CThrust  CThrustV
  CTorque  CTorqueV CBending CBendingV
 ------------------------------------------------
 ------------------------------------------------
 -----------------------------------
   0.2500   0.1465  24.8560    5.9101   30.7661   0.8386   0.0123  68.1068   0.7269   0.0063  -0.1046   0.0026  -0.1817  -0.0016
   0.2750   0.1440  21.9732    9.9688   31.9420   1.0123   0.0282  35.9160   0.8739   0.0149  -0.1407   0.0066  -0.2403  -0.0041
   0.3000   0.1414  19.1080   14.0098   33.1178   1.0733   0.0603  17.7864   0.9319   0.0330  -0.1608   0.0152  -0.2796  -0.0099
   0.3250   0.1389  16.9803   15.6549   32.6352   1.0842   0.0777  13.9476   0.9549   0.0419  -0.1687   0.0213  -0.3103  -0.0136
   0.3500   0.1364  15.2840   16.3122   31.5962   1.0912   0.0850  12.8380   0.9740   0.0445  -0.1748   0.0253  -0.3409  -0.0156
   0.3750   0.1339  13.6465   16.7485   30.3950   1.0941   0.0902  12.1254   0.9894   0.0457  -0.1784   0.0292  -0.3710  -0.0171
   0.4000   0.1313  12.2696   16.8866   29.1562   1.0948   0.0919  11.9067   1.0008   0.0448  -0.1812   0.0321  -0.4003  -0.0179
   0.4250   0.1288  11.1749   16.7596   27.9345   1.0941   0.0904  12.1076   1.0090   0.0423  -0.1839   0.0339  -0.4288  -0.0180
   0.4500   0.1263  10.0891   16.6632   26.7524   1.0937   0.0892  12.2646   1.0168   0.0401  -0.1857   0.0358  -0.4575  -0.0181
   0.4750   0.1238   9.2610   16.3665   25.6275   1.0917   0.0856  12.7505   1.0214   0.0370  -0.1876   0.0367  -0.4851  -0.0176
   0.5000   0.1212   8.5110   16.0513   24.5623   1.0890   0.0820  13.2771   1.0245   0.0341  -0.1890   0.0373  -0.5123  -0.0170
   0.5250   0.1187   7.8890   15.6718   23.5608   1.0844   0.0779  13.9178   1.0251   0.0311  -0.1901   0.0375  -0.5382  -0.0164
   0.5500   0.1162   7.3390   15.2812   22.6202   1.0783   0.0739  14.5964   1.0238   0.0284  -0.1906   0.0375  -0.5631  -0.0156
   0.5750   0.1137   6.8225   14.9094   21.7319   1.0729   0.0701  15.3008   1.0227   0.0260  -0.1910   0.0375  -0.5880  -0.0149
   0.6000   0.1111   6.4401   14.4441   20.8843   1.0712   0.0653  16.4145   1.0241   0.0233  -0.1925   0.0366  -0.6144  -0.0140
   0.6250   0.1086   6.0578   14.0159   20.0737   1.0732   0.0604  17.7656   1.0288   0.0207  -0.1948   0.0355  -0.6430  -0.0130
   0.6500   0.1061   5.7490   13.5825   19.3315   1.0670   0.0564  18.9341   1.0255   0.0187  -0.1950   0.0346  -0.6666  -0.0121
   0.6750   0.1035   5.4813   13.1515   18.6328   1.0597   0.0526  20.1511   1.0209   0.0168  -0.1949   0.0336  -0.6891  -0.0113
   0.7000   0.1010   5.2349   12.7353   17.9702   1.0523   0.0491  21.4516   1.0161   0.0151  -0.1946   0.0327  -0.7113  -0.0106
   0.7250   0.0985   5.0263   12.3146   17.3409   1.0445   0.0457  22.8792   1.0106   0.0136  -0.1941   0.0316  -0.7327  -0.0099
   0.7500   0.0960   4.8177   11.9199   16.7376   1.0371   0.0426  24.3455   1.0054   0.0123  -0.1934   0.0306  -0.7541  -0.0092
   0.7750   0.0934   4.6256   11.5252   16.1508   1.0316   0.0395  26.1251   1.0019   0.0110  -0.1930   0.0294  -0.7765  -0.0085
   0.8000   0.0909   4.4350   11.1327   15.5677   1.0304   0.0363  28.3919   1.0024   0.0097  -0.1933   0.0280  -0.8019  -0.0078
   0.8250   0.0884   4.2462   10.7598   15.0059   1.0245   0.0332  30.8116   0.9982   0.0086  -0.1923   0.0265  -0.8235  -0.0071
   0.8500   0.0859   4.0638   10.3823   14.4461   1.0170   0.0312  32.6321   0.9926   0.0078  -0.1900   0.0257  -0.8437  -0.0066
   0.8750   0.0833   3.8818    9.9754   13.8573   1.0123   0.0282  35.8535   0.9896   0.0068  -0.1882   0.0240  -0.8659  -0.0059
   0.9000   0.0808   3.7048    9.5020   13.2068   1.0103   0.0247  40.9774   0.9892   0.0056  -0.1861   0.0216  -0.8903  -0.0051
   0.9250   0.0783   3.5277    8.9124   12.4402   1.0070   0.0208  48.4213   0.9878   0.0045  -0.1819   0.0188  -0.9137  -0.0041
   0.9500   0.0758   3.3470    8.0890   11.4360   0.9891   0.0173  57.2698   0.9729   0.0034  -0.1702   0.0161  -0.9243  -0.0033
   0.9750   0.0732   3.1731    6.5925    9.7656   0.9112   0.0121  75.5637   0.9000   0.0020  -0.1391   0.0116  -0.8775  -0.0020
   1.0000   0.0707   3.0000    5.0953    8.0953   0.7450   0.0130  57.3898   0.7394   0.0018  -0.0921   0.0129  -0.7394  -0.0018

 ++++++++++++++++++++++++++++++++++++++++++++++++
 ++++++++++++++++++++++++++++++++++++++++++++++++
 +++++++++++++++++++++++++++++++++++

 NREL-PhaseVI                            ***** XTurb-PSU  -  OUTPUT 3 *****
   Blade Number      BN =  2

   Solidity
   0.0519
                                  +    BLADE ELEMENT MOMENTUM THEORY (BEMT)   +
                                  + Prescribed Wake Method [Chattot, Schmitz] +

  PREDICTION
       VWIND [m/s] RPM [1/min]   PITCH [deg]
      11.0000      72.0000       3.0000

   Number   TSR      PITCH [deg]      CT       CP       CPV      CB       CBV
        5   3.4478   3.0000           0.2782  -0.1904   0.0373  -0.0969  -0.0044

   "Thrust"   >  0      =>      Downwind Direction
   "Torque"   <  0      =>      Energy Extraction 
 (Wind Turbine)   =>   Power = Torque * TSR
   "Bending"  <  0      =>      Flap Bending towards Downwind

   r/R     Chord/R Twist[deg] AOA[deg]  PHI[deg] 
  CL       CD       CL/CD    CThrust  CThrustV
  CTorque  CTorqueV CBending CBendingV
 ------------------------------------------------
 ------------------------------------------------
 -----------------------------------
   0.2500   0.1465  24.8560    8.5267   33.3827   0.9990   0.0189  52.7727   0.8446   0.0104  -0.1335   0.0040  -0.2111  -0.0026
   0.2750   0.1440  21.9732   12.7245   34.6977   1.0522   0.0490  21.4875   0.8929   0.0279  -0.1536   0.0111  -0.2456  -0.0077
   0.3000   0.1414  19.1080   16.9046   36.0126   1.0948   0.0922  11.8789   0.9398   0.0542  -0.1708   0.0224  -0.2819  -0.0163
   0.3250   0.1389  16.9803   18.5949   35.5752   1.0892   0.1172   9.2957   0.9540   0.0682  -0.1750   0.0310  -0.3101  -0.0222
   0.3500   0.1364  15.2840   19.2724   34.5564   1.0790   0.1299   8.3084   0.9623   0.0737  -0.1768   0.0374  -0.3368  -0.0258
   0.3750   0.1339  13.6465   19.6819   33.3284   1.0709   0.1385   7.7312   0.9708   0.0761  -0.1772   0.0434  -0.3641  -0.0285
   0.4000   0.1313  12.2696   19.7524   32.0219   1.0693   0.1401   7.6325   0.9809   0.0743  -0.1793   0.0475  -0.3924  -0.0297
   0.4250   0.1288  11.1749   19.5320   30.7069   1.0742   0.1351   7.9487   0.9926   0.0690  -0.1837   0.0494  -0.4218  -0.0293
   0.4500   0.1263  10.0891   19.3544   29.4435   1.0775   0.1315   8.1936   1.0030   0.0646  -0.1868   0.0515  -0.4513  -0.0291
   0.4750   0.1238   9.2610   18.9636   28.2246   1.0844   0.1238   8.7614   1.0140   0.0585  -0.1918   0.0518  -0.4816  -0.0278
   0.5000   0.1212   8.5110   18.5610   27.0720   1.0896   0.1166   9.3478   1.0233   0.0530  -0.1960   0.0519  -0.5116  -0.0265
   0.5250   0.1187   7.8890   18.0956   25.9846   1.0935   0.1090  10.0305   1.0307   0.0478  -0.2001   0.0514  -0.5411  -0.0251
   0.5500   0.1162   7.3390   17.6228   24.9618   1.0954   0.1019  10.7467   1.0361   0.0430  -0.2034   0.0508  -0.5699  -0.0237
   0.5750   0.1137   6.8225   17.1779   24.0004   1.0955   0.0958  11.4399   1.0397   0.0389  -0.2059   0.0503  -0.5978  -0.0224
   0.6000   0.1111   6.4401   16.6569   23.0971   1.0937   0.0891  12.2750   1.0409   0.0350  -0.2082   0.0492  -0.6246  -0.0210
   0.6250   0.1086   6.0578   16.1897   22.2475   1.0902   0.0836  13.0403   1.0407   0.0317  -0.2096   0.0484  -0.6504  -0.0198
   0.6500   0.1061   5.7490   15.6996   21.4486   1.0847   0.0782  13.8694   1.0382   0.0286  -0.2105   0.0473  -0.6748  -0.0186
   0.6750   0.1035   5.4813   15.2154   20.6967   1.0772   0.0732  14.7121   1.0336   0.0259  -0.2107   0.0462  -0.6976  -0.0175
   0.7000   0.1010   5.2349   14.7414   19.9763   1.0721   0.0684  15.6773   1.0310   0.0234  -0.2114   0.0450  -0.7217  -0.0164
   0.7250   0.0985   5.0263   14.2501   19.2764   1.0721   0.0631  17.0011   1.0328   0.0208  -0.2134   0.0432  -0.7488  -0.0151
   0.7500   0.0960   4.8177   13.7927   18.6104   1.0702   0.0583  18.3546   1.0328   0.0186  -0.2147   0.0414  -0.7746  -0.0140
   0.7750   0.0934   4.6256   13.3558   17.9815   1.0633   0.0543  19.5642   1.0281   0.0168  -0.2143   0.0401  -0.7968  -0.0130
   0.8000   0.0909   4.4350   12.9369   17.3719   1.0559   0.0508  20.8057   1.0229   0.0152  -0.2135   0.0387  -0.8183  -0.0121
   0.8250   0.0884   4.2462   12.5265   16.7726   1.0487   0.0473  22.1694   1.0177   0.0137  -0.2123   0.0374  -0.8396  -0.0113
   0.8500   0.0859   4.0638   12.1127   16.1765   1.0405   0.0441  23.5942   1.0115   0.0123  -0.2104   0.0360  -0.8598  -0.0104
   0.8750   0.0833   3.8818   11.6784   15.5602   1.0338   0.0407  25.4022   1.0068   0.0109  -0.2083   0.0343  -0.8809  -0.0096
   0.9000   0.0808   3.7048   11.1831   14.8879   1.0305   0.0367  28.0769   1.0054   0.0094  -0.2064   0.0319  -0.9048  -0.0085
   0.9250   0.0783   3.5277   10.6031   14.1308   1.0208   0.0320  31.9292   0.9977   0.0078  -0.2018   0.0287  -0.9229  -0.0072
   0.9500   0.0758   3.3470    9.7564   13.1034   1.0114   0.0266  38.0524   0.9911   0.0060  -0.1932   0.0246  -0.9415  -0.0057
   0.9750   0.0732   3.1731    7.9718   11.1449   0.9861   0.0168  58.6103   0.9707   0.0033  -0.1697   0.0161  -0.9465  -0.0032
   1.0000   0.0707   3.0000    6.1864    9.1864   0.8699   0.0108  80.6055   0.8604   0.0017  -0.1282   0.0107  -0.8604  -0.0017

 ++++++++++++++++++++++++++++++++++++++++++++++++
 ++++++++++++++++++++++++++++++++++++++++++++++++
 +++++++++++++++++++++++++++++++++++

 NREL-PhaseVI                            ***** XTurb-PSU  -  OUTPUT 3 *****
   Blade Number      BN =  2

   Solidity
   0.0519
                                  +    BLADE ELEMENT MOMENTUM THEORY (BEMT)   +
                                  + Prescribed Wake Method [Chattot, Schmitz] +

  PREDICTION
       VWIND [m/s] RPM [1/min]   PITCH [deg]
      13.0000      72.0000       3.0000

   Number   TSR      PITCH [deg]      CT       CP       CPV      CB       CBV
        6   2.9173   3.0000           0.2129  -0.1300   0.0433  -0.0740  -0.0075

   "Thrust"   >  0      =>      Downwind Direction
   "Torque"   <  0      =>      Energy Extraction 
 (Wind Turbine)   =>   Power = Torque * TSR
   "Bending"  <  0      =>      Flap Bending towards Downwind

   r/R     Chord/R Twist[deg] AOA[deg]  PHI[deg] 
  CL       CD       CL/CD    CThrust  CThrustV
  CTorque  CTorqueV CBending CBendingV
 ------------------------------------------------
 ------------------------------------------------
 -----------------------------------
   0.2500   0.1465  24.8560   12.7586   37.6146   1.0528   0.0493  21.3748   0.8640   0.0301  -0.1509   0.0098  -0.2160  -0.0075
   0.2750   0.1440  21.9732   17.7677   39.7409   1.0949   0.1041  10.5216   0.9085   0.0665  -0.1705   0.0220  -0.2498  -0.0183
   0.3000   0.1414  19.1080   22.7592   41.8672   1.0219   0.2188   4.6711   0.9070   0.1460  -0.1557   0.0489  -0.2721  -0.0438
   0.3250   0.1389  16.9803   24.2952   41.2756   0.9985   0.2595   3.8485   0.9216   0.1712  -0.1507   0.0634  -0.2995  -0.0556
   0.3500   0.1364  15.2840   24.7802   40.0642   0.9912   0.2723   3.6399   0.9338   0.1753  -0.1503   0.0729  -0.3268  -0.0613
   0.3750   0.1339  13.6465   25.0348   38.6813   0.9873   0.2790   3.5381   0.9451   0.1744  -0.1497   0.0817  -0.3544  -0.0654
   0.4000   0.1313  12.2696   24.9786   37.2482   0.9881   0.2776   3.5601   0.9546   0.1680  -0.1509   0.0884  -0.3818  -0.0672
   0.4250   0.1288  11.1749   24.6493   35.8242   0.9931   0.2688   3.6942   0.9626   0.1574  -0.1544   0.0926  -0.4091  -0.0669
   0.4500   0.1263  10.0891   24.3621   34.4512   0.9975   0.2612   3.8185   0.9703   0.1478  -0.1570   0.0969  -0.4366  -0.0665
   0.4750   0.1238   9.2610   23.8662   33.1272   1.0050   0.2481   4.0511   0.9773   0.1356  -0.1622   0.0987  -0.4642  -0.0644
   0.5000   0.1212   8.5110   23.3548   31.8658   1.0128   0.2345   4.3182   0.9840   0.1238  -0.1678   0.0996  -0.4920  -0.0619
   0.5250   0.1187   7.8890   22.7759   30.6649   1.0216   0.2192   4.6604   0.9906   0.1118  -0.1746   0.0990  -0.5200  -0.0587
   0.5500   0.1162   7.3390   22.1865   29.5255   1.0306   0.2036   5.0618   0.9971   0.1003  -0.1819   0.0974  -0.5484  -0.0552
   0.5750   0.1137   6.8225   21.6235   28.4461   1.0391   0.1887   5.5073   1.0035   0.0899  -0.1892   0.0954  -0.5770  -0.0517
   0.6000   0.1111   6.4401   20.9791   27.4192   1.0489   0.1716   6.1122   1.0101   0.0790  -0.1984   0.0914  -0.6061  -0.0474
   0.6250   0.1086   6.0578   20.3888   26.4465   1.0579   0.1560   6.7826   1.0166   0.0695  -0.2072   0.0873  -0.6354  -0.0434
   0.6500   0.1061   5.7490   19.7685   25.5175   1.0689   0.1405   7.6102   1.0252   0.0605  -0.2169   0.0824  -0.6664  -0.0393
   0.6750   0.1035   5.4813   19.1490   24.6303   1.0812   0.1274   8.4868   1.0359   0.0531  -0.2260   0.0782  -0.6993  -0.0358
   0.7000   0.1010   5.2349   18.5575   23.7924   1.0897   0.1165   9.3534   1.0440   0.0470  -0.2331   0.0746  -0.7308  -0.0329
   0.7250   0.0985   5.0263   17.9728   22.9991   1.0943   0.1071  10.2185   1.0491   0.0418  -0.2385   0.0715  -0.7606  -0.0303
   0.7500   0.0960   4.8177   17.4270   22.2447   1.0957   0.0991  11.0532   1.0517   0.0375  -0.2423   0.0688  -0.7888  -0.0281
   0.7750   0.0934   4.6256   16.8969   21.5225   1.0948   0.0921  11.8908   1.0522   0.0338  -0.2449   0.0664  -0.8155  -0.0262
   0.8000   0.0909   4.4350   16.3910   20.8260   1.0919   0.0859  12.7113   1.0511   0.0305  -0.2463   0.0642  -0.8409  -0.0244
   0.8250   0.0884   4.2462   15.9017   20.1479   1.0873   0.0804  13.5271   1.0484   0.0277  -0.2467   0.0623  -0.8649  -0.0228
   0.8500   0.0859   4.0638   15.4151   19.4789   1.0807   0.0752  14.3674   1.0439   0.0251  -0.2460   0.0603  -0.8873  -0.0213
   0.8750   0.0833   3.8818   14.9209   18.8027   1.0730   0.0702  15.2759   1.0384   0.0226  -0.2444   0.0582  -0.9086  -0.0198
   0.9000   0.0808   3.7048   14.3681   18.0729   1.0715   0.0644  16.6396   1.0386   0.0200  -0.2441   0.0551  -0.9348  -0.0180
   0.9250   0.0783   3.5277   13.7237   17.2514   1.0692   0.0577  18.5406   1.0382   0.0171  -0.2424   0.0509  -0.9603  -0.0158
   0.9500   0.0758   3.3470   12.8842   16.2312   1.0550   0.0503  20.9705   1.0270   0.0141  -0.2342   0.0459  -0.9756  -0.0134
   0.9750   0.0732   3.1731   11.2316   14.4047   1.0307   0.0371  27.7808   1.0075   0.0092  -0.2150   0.0350  -0.9823  -0.0090
   1.0000   0.0707   3.0000    9.5782   12.5782   1.0106   0.0252  40.0543   0.9919   0.0055  -0.1955   0.0246  -0.9919  -0.0055

 ++++++++++++++++++++++++++++++++++++++++++++++++
 ++++++++++++++++++++++++++++++++++++++++++++++++
 +++++++++++++++++++++++++++++++++++

 NREL-PhaseVI                            ***** XTurb-PSU  -  OUTPUT 3 *****
   Blade Number      BN =  2

   Solidity
   0.0519
                                  +    BLADE ELEMENT MOMENTUM THEORY (BEMT)   +
                                  + Prescribed Wake Method [Chattot, Schmitz] +

  PREDICTION
       VWIND [m/s] RPM [1/min]   PITCH [deg]
      15.0000      72.0000       3.0000

   Number   TSR      PITCH [deg]      CT       CP       CPV      CB       CBV
        7   2.5284   3.0000           0.1696  -0.0871   0.0463  -0.0586  -0.0108

   "Thrust"   >  0      =>      Downwind Direction
   "Torque"   <  0      =>      Energy Extraction 
 (Wind Turbine)   =>   Power = Torque * TSR
   "Bending"  <  0      =>      Flap Bending towards Downwind

   r/R     Chord/R Twist[deg] AOA[deg]  PHI[deg] 
  CL       CD       CL/CD    CThrust  CThrustV
  CTorque  CTorqueV CBending CBendingV
 ------------------------------------------------
 ------------------------------------------------
 -----------------------------------
   0.2500   0.1465  24.8560   18.8536   43.7096   1.0858   0.1218   8.9146   0.8690   0.0842  -0.1656   0.0220  -0.2173  -0.0210
   0.2750   0.1440  21.9732   23.2387   45.2119   1.0146   0.2315   4.3832   0.8790   0.1643  -0.1532   0.0448  -0.2417  -0.0452
   0.3000   0.1414  19.1080   27.6062   46.7142   0.9482   0.3472   2.7313   0.9028   0.2527  -0.1357   0.0714  -0.2709  -0.0758
   0.3250   0.1389  16.9803   28.9722   45.9525   0.9274   0.3834   2.4193   0.9204   0.2755  -0.1300   0.0866  -0.2991  -0.0896
   0.3500   0.1364  15.2840   29.3746   44.6586   0.9213   0.3940   2.3383   0.9323   0.2769  -0.1286   0.0981  -0.3263  -0.0969
   0.3750   0.1339  13.6465   29.5675   43.2140   0.9184   0.3991   2.3011   0.9426   0.2733  -0.1267   0.1091  -0.3535  -0.1025
   0.4000   0.1313  12.2696   29.4547   41.7243   0.9201   0.3961   2.3227   0.9504   0.2636  -0.1267   0.1183  -0.3802  -0.1055
   0.4250   0.1288  11.1749   29.0682   40.2431   0.9260   0.3859   2.3996   0.9561   0.2493  -0.1291   0.1252  -0.4063  -0.1060
   0.4500   0.1263  10.0891   28.7203   38.8094   0.9313   0.3767   2.4723   0.9618   0.2361  -0.1306   0.1321  -0.4328  -0.1062
   0.4750   0.1238   9.2610   28.1612   37.4222   0.9398   0.3619   2.5970   0.9662   0.2199  -0.1348   0.1365  -0.4590  -0.1045
   0.5000   0.1212   8.5110   27.5839   36.0949   0.9485   0.3466   2.7369   0.9706   0.2042  -0.1394   0.1400  -0.4853  -0.1021
   0.5250   0.1187   7.8890   26.9373   34.8263   0.9584   0.3294   2.9090   0.9749   0.1881  -0.1454   0.1420  -0.5118  -0.0988
   0.5500   0.1162   7.3390   26.2786   33.6176   0.9684   0.3120   3.1038   0.9792   0.1727  -0.1520   0.1429  -0.5385  -0.0950
   0.5750   0.1137   6.8225   25.6455   32.4680   0.9780   0.2952   3.3127   0.9836   0.1585  -0.1587   0.1432  -0.5656  -0.0911
   0.6000   0.1111   6.4401   24.9308   31.3709   0.9889   0.2763   3.5791   0.9881   0.1438  -0.1673   0.1415  -0.5929  -0.0863
   0.6250   0.1086   6.0578   24.2701   30.3278   0.9989   0.2588   3.8599   0.9929   0.1307  -0.1756   0.1396  -0.6206  -0.0817
   0.6500   0.1061   5.7490   23.5838   29.3328   1.0093   0.2406   4.1949   0.9978   0.1179  -0.1850   0.1363  -0.6486  -0.0766
   0.6750   0.1035   5.4813   22.9019   28.3832   1.0197   0.2225   4.5820   1.0029   0.1058  -0.1950   0.1322  -0.6770  -0.0714
   0.7000   0.1010   5.2349   22.2410   27.4759   1.0297   0.2050   5.0222   1.0082   0.0946  -0.2052   0.1273  -0.7057  -0.0662
   0.7250   0.0985   5.0263   21.5800   26.6063   1.0398   0.1875   5.5446   1.0137   0.0840  -0.2161   0.1216  -0.7349  -0.0609
   0.7500   0.0960   4.8177   20.9537   25.7714   1.0493   0.1709   6.1385   1.0193   0.0743  -0.2267   0.1155  -0.7644  -0.0557
   0.7750   0.0934   4.6256   20.3402   24.9658   1.0586   0.1547   6.8438   1.0250   0.0653  -0.2376   0.1087  -0.7944  -0.0506
   0.8000   0.0909   4.4350   19.7454   24.1804   1.0695   0.1399   7.6421   1.0329   0.0573  -0.2483   0.1021  -0.8264  -0.0459
   0.8250   0.0884   4.2462   19.1637   23.4099   1.0810   0.1277   8.4652   1.0427   0.0507  -0.2576   0.0967  -0.8602  -0.0419
   0.8500   0.0859   4.0638   18.5889   22.6526   1.0892   0.1171   9.3050   1.0503   0.0451  -0.2648   0.0918  -0.8928  -0.0383
   0.8750   0.0833   3.8818   18.0132   21.8951   1.0941   0.1077  10.1587   1.0553   0.0402  -0.2696   0.0874  -0.9234  -0.0351
   0.9000   0.0808   3.7048   17.4074   21.1122   1.0957   0.0989  11.0827   1.0578   0.0356  -0.2722   0.0830  -0.9520  -0.0321
   0.9250   0.0783   3.5277   16.7263   20.2541   1.0940   0.0900  12.1613   1.0575   0.0311  -0.2723   0.0781  -0.9782  -0.0288
   0.9500   0.0758   3.3470   15.8490   19.1960   1.0866   0.0798  13.6146   1.0524   0.0262  -0.2678   0.0716  -0.9998  -0.0249
   0.9750   0.0732   3.1731   14.2138   17.3869   1.0723   0.0626  17.1154   1.0420   0.0187  -0.2541   0.0583  -1.0160  -0.0183
   1.0000   0.0707   3.0000   12.5778   15.5778   1.0496   0.0477  21.9880   1.0238   0.0128  -0.2359   0.0460  -1.0238  -0.0128

 ++++++++++++++++++++++++++++++++++++++++++++++++
 ++++++++++++++++++++++++++++++++++++++++++++++++
 +++++++++++++++++++++++++++++++++++

 NREL-PhaseVI                            ***** XTurb-PSU  -  OUTPUT 3 *****
   Blade Number      BN =  2

   Solidity
   0.0519
                                  +    BLADE ELEMENT MOMENTUM THEORY (BEMT)   +
                                  + Prescribed Wake Method [Chattot, Schmitz] +

  PREDICTION
       VWIND [m/s] RPM [1/min]   PITCH [deg]
      17.0000      72.0000       3.0000

   Number   TSR      PITCH [deg]      CT       CP       CPV      CB       CBV
        8   2.2309   3.0000           0.1403  -0.0575   0.0468  -0.0479  -0.0140

   "Thrust"   >  0      =>      Downwind Direction
   "Torque"   <  0      =>      Energy Extraction 
 (Wind Turbine)   =>   Power = Torque * TSR
   "Bending"  <  0      =>      Flap Bending towards Downwind

   r/R     Chord/R Twist[deg] AOA[deg]  PHI[deg] 
  CL       CD       CL/CD    CThrust  CThrustV
  CTorque  CTorqueV CBending CBendingV
 ------------------------------------------------
 ------------------------------------------------
 -----------------------------------
   0.2500   0.1465  24.8560   23.6121   48.4681   1.0089   0.2414   4.1801   0.8496   0.1807  -0.1488   0.0400  -0.2124  -0.0452
   0.2750   0.1440  21.9732   27.6120   49.5852   0.9481   0.3473   2.7298   0.8791   0.2644  -0.1366   0.0619  -0.2418  -0.0727
   0.3000   0.1414  19.1080   31.5942   50.7022   0.8876   0.4528   1.9602   0.9126   0.3504  -0.1200   0.0860  -0.2738  -0.1051
   0.3250   0.1389  16.9803   32.8884   49.8687   0.8679   0.4871   1.7819   0.9318   0.3724  -0.1136   0.1020  -0.3028  -0.1210
   0.3500   0.1364  15.2840   33.2704   48.5544   0.8621   0.4972   1.7339   0.9434   0.3727  -0.1110   0.1152  -0.3302  -0.1304
   0.3750   0.1339  13.6465   33.4519   47.0984   0.8594   0.5020   1.7118   0.9527   0.3677  -0.1079   0.1282  -0.3573  -0.1379
   0.4000   0.1313  12.2696   33.3264   45.5960   0.8613   0.4987   1.7271   0.9589   0.3563  -0.1065   0.1396  -0.3836  -0.1425
   0.4250   0.1288  11.1749   32.9222   44.0970   0.8674   0.4880   1.7775   0.9625   0.3396  -0.1076   0.1489  -0.4091  -0.1443
   0.4500   0.1263  10.0891   32.5501   42.6392   0.8731   0.4781   1.8260   0.9661   0.3239  -0.1079   0.1583  -0.4348  -0.1457
   0.4750   0.1238   9.2610   31.9613   41.2223   0.8820   0.4625   1.9069   0.9682   0.3048  -0.1108   0.1653  -0.4599  -0.1448
   0.5000   0.1212   8.5110   31.3489   39.8599   0.8913   0.4463   1.9971   0.9702   0.2860  -0.1143   0.1713  -0.4851  -0.1430
   0.5250   0.1187   7.8890   30.6629   38.5519   0.9018   0.4281   2.1062   0.9720   0.2668  -0.1193   0.1758  -0.5103  -0.1401
   0.5500   0.1162   7.3390   29.9611   37.3001   0.9124   0.4095   2.2279   0.9740   0.2482  -0.1249   0.1792  -0.5357  -0.1365
   0.5750   0.1137   6.8225   29.2819   36.1044   0.9227   0.3916   2.3566   0.9763   0.2307  -0.1307   0.1819  -0.5613  -0.1327
   0.6000   0.1111   6.4401   28.5191   34.9592   0.9343   0.3713   2.5161   0.9785   0.2128  -0.1386   0.1826  -0.5871  -0.1277
   0.6250   0.1086   6.0578   27.8085   33.8663   0.9451   0.3525   2.6810   0.9812   0.1964  -0.1462   0.1829  -0.6133  -0.1228
   0.6500   0.1061   5.7490   27.0715   32.8204   0.9563   0.3330   2.8719   0.9842   0.1805  -0.1550   0.1819  -0.6397  -0.1173
   0.6750   0.1035   5.4813   26.3382   31.8195   0.9675   0.3136   3.0853   0.9874   0.1653  -0.1645   0.1799  -0.6665  -0.1116
   0.7000   0.1010   5.2349   25.6257   30.8606   0.9783   0.2947   3.3196   0.9910   0.1512  -0.1742   0.1771  -0.6937  -0.1058
   0.7250   0.0985   5.0263   24.9136   29.9399   0.9891   0.2758   3.5859   0.9948   0.1377  -0.1846   0.1733  -0.7212  -0.0998
   0.7500   0.0960   4.8177   24.2368   29.0545   0.9994   0.2579   3.8751   0.9989   0.1253  -0.1949   0.1691  -0.7492  -0.0939
   0.7750   0.0934   4.6256   23.5739   28.1996   1.0095   0.2403   4.2001   1.0032   0.1136  -0.2055   0.1642  -0.7775  -0.0880
   0.8000   0.0909   4.4350   22.9355   27.3705   1.0192   0.2234   4.5614   1.0078   0.1027  -0.2161   0.1587  -0.8063  -0.0822
   0.8250   0.0884   4.2462   22.3147   26.5608   1.0286   0.2070   4.9694   1.0126   0.0926  -0.2267   0.1527  -0.8354  -0.0764
   0.8500   0.0859   4.0638   21.6975   25.7613   1.0380   0.1906   5.4447   1.0177   0.0829  -0.2375   0.1459  -0.8650  -0.0704
   0.8750   0.0833   3.8818   21.0766   24.9584   1.0474   0.1742   6.0130   1.0231   0.0735  -0.2485   0.1382  -0.8952  -0.0643
   0.9000   0.0808   3.7048   20.4230   24.1278   1.0574   0.1569   6.7400   1.0291   0.0641  -0.2601   0.1289  -0.9262  -0.0577
   0.9250   0.0783   3.5277   19.6859   23.2136   1.0708   0.1386   7.7255   1.0387   0.0546  -0.2726   0.1178  -0.9608  -0.0505
   0.9500   0.0758   3.3470   18.7395   22.0865   1.0873   0.1198   9.0791   1.0525   0.0450  -0.2830   0.1054  -0.9999  -0.0428
   0.9750   0.0732   3.1731   17.0781   20.2513   1.0954   0.0944  11.6026   1.0603   0.0327  -0.2833   0.0864  -1.0338  -0.0319
   1.0000   0.0707   3.0000   15.4160   18.4160   1.0807   0.0752  14.3658   1.0491   0.0238  -0.2700   0.0714  -1.0491  -0.0238

 ++++++++++++++++++++++++++++++++++++++++++++++++
 ++++++++++++++++++++++++++++++++++++++++++++++++
 +++++++++++++++++++++++++++++++++++

 NREL-PhaseVI                            ***** XTurb-PSU  -  OUTPUT 3 *****
   Blade Number      BN =  2

   Solidity
   0.0519
                                  +    BLADE ELEMENT MOMENTUM THEORY (BEMT)   +
                                  + Prescribed Wake Method [Chattot, Schmitz] +

  PREDICTION
       VWIND [m/s] RPM [1/min]   PITCH [deg]
      19.0000      72.0000       3.0000

   Number   TSR      PITCH [deg]      CT       CP       CPV      CB       CBV
        9   1.9961   3.0000           0.1203  -0.0379   0.0453  -0.0406  -0.0167

   "Thrust"   >  0      =>      Downwind Direction
   "Torque"   <  0      =>      Energy Extraction 
 (Wind Turbine)   =>   Power = Torque * TSR
   "Bending"  <  0      =>      Flap Bending towards Downwind

   r/R     Chord/R Twist[deg] AOA[deg]  PHI[deg] 
  CL       CD       CL/CD    CThrust  CThrustV
  CTorque  CTorqueV CBending CBendingV
 ------------------------------------------------
 ------------------------------------------------
 -----------------------------------
   0.2500   0.1465  24.8560   27.3924   52.2484   0.9515   0.3415   2.7861   0.8525   0.2700  -0.1358   0.0523  -0.2131  -0.0675
   0.2750   0.1440  21.9732   31.1699   53.1430   0.8940   0.4416   2.0247   0.8896   0.3533  -0.1239   0.0728  -0.2446  -0.0972
   0.3000   0.1414  19.1080   34.9296   54.0376   0.8369   0.5412   1.5465   0.9295   0.4380  -0.1079   0.0953  -0.2789  -0.1314
   0.3250   0.1389  16.9803   36.2057   53.1861   0.8175   0.5750   1.4218   0.9502   0.4603  -0.1007   0.1120  -0.3088  -0.1496
   0.3500   0.1364  15.2840   36.6034   51.8874   0.8115   0.5855   1.3859   0.9615   0.4607  -0.0970   0.1265  -0.3365  -0.1612
   0.3750   0.1339  13.6465   36.8044   50.4509   0.8084   0.5908   1.3683   0.9703   0.4556  -0.0927   0.1411  -0.3639  -0.1708
   0.4000   0.1313  12.2696   36.6945   48.9640   0.8101   0.5879   1.3779   0.9753   0.4435  -0.0900   0.1544  -0.3901  -0.1774
   0.4250   0.1288  11.1749   36.2994   47.4743   0.8161   0.5775   1.4133   0.9772   0.4256  -0.0897   0.1659  -0.4153  -0.1809
   0.4500   0.1263  10.0891   35.9288   46.0180   0.8217   0.5676   1.4476   0.9791   0.4084  -0.0887   0.1774  -0.4406  -0.1838
   0.4750   0.1238   9.2610   35.3349   44.5959   0.8308   0.5519   1.5053   0.9791   0.3875  -0.0904   0.1867  -0.4650  -0.1841
   0.5000   0.1212   8.5110   34.7108   43.2218   0.8402   0.5354   1.5695   0.9789   0.3666  -0.0926   0.1951  -0.4895  -0.1833
   0.5250   0.1187   7.8890   34.0075   41.8965   0.8509   0.5167   1.6467   0.9785   0.3451  -0.0964   0.2019  -0.5137  -0.1812
   0.5500   0.1162   7.3390   33.2836   40.6226   0.8619   0.4976   1.7323   0.9782   0.3239  -0.1009   0.2077  -0.5380  -0.1782
   0.5750   0.1137   6.8225   32.5781   39.4006   0.8726   0.4789   1.8223   0.9783   0.3040  -0.1057   0.2128  -0.5625  -0.1748
   0.6000   0.1111   6.4401   31.7856   38.2258   0.8847   0.4579   1.9321   0.9783   0.2833  -0.1126   0.2158  -0.5870  -0.1700
   0.6250   0.1086   6.0578   31.0427   37.1005   0.8960   0.4382   2.0447   0.9789   0.2643  -0.1194   0.2184  -0.6118  -0.1652
   0.6500   0.1061   5.7490   30.2710   36.0200   0.9077   0.4178   2.1728   0.9798   0.2457  -0.1273   0.2196  -0.6369  -0.1597
   0.6750   0.1035   5.4813   29.5015   34.9828   0.9194   0.3974   2.3137   0.9811   0.2278  -0.1360   0.2198  -0.6623  -0.1538
   0.7000   0.1010   5.2349   28.7516   33.9865   0.9308   0.3775   2.4656   0.9828   0.2110  -0.1451   0.2191  -0.6880  -0.1477
   0.7250   0.0985   5.0263   28.0013   33.0276   0.9422   0.3576   2.6346   0.9849   0.1949  -0.1549   0.2174  -0.7140  -0.1413
   0.7500   0.0960   4.8177   27.2861   32.1038   0.9531   0.3387   2.8140   0.9873   0.1800  -0.1647   0.2152  -0.7405  -0.1350
   0.7750   0.0934   4.6256   26.5850   31.2107   0.9637   0.3201   3.0106   0.9901   0.1659  -0.1748   0.2122  -0.7673  -0.1286
   0.8000   0.0909   4.4350   25.9091   30.3441   0.9740   0.3022   3.2229   0.9932   0.1527  -0.1850   0.2086  -0.7946  -0.1221
   0.8250   0.0884   4.2462   25.2521   29.4982   0.9840   0.2848   3.4549   0.9967   0.1402  -0.1952   0.2045  -0.8222  -0.1157
   0.8500   0.0859   4.0638   24.6011   28.6649   0.9939   0.2676   3.7146   1.0004   0.1283  -0.2057   0.1996  -0.8503  -0.1091
   0.8750   0.0833   3.8818   23.9500   27.8319   1.0038   0.2503   4.0101   1.0045   0.1169  -0.2164   0.1937  -0.8790  -0.1023
   0.9000   0.0808   3.7048   23.2727   26.9775   1.0141   0.2324   4.3640   1.0091   0.1054  -0.2276   0.1864  -0.9082  -0.0949
   0.9250   0.0783   3.5277   22.5299   26.0577   1.0254   0.2127   4.8208   1.0146   0.0934  -0.2399   0.1767  -0.9385  -0.0864
   0.9500   0.0758   3.3470   21.6081   24.9551   1.0394   0.1883   5.5204   1.0218   0.0794  -0.2544   0.1622  -0.9707  -0.0755
   0.9750   0.0732   3.1731   19.9936   23.1668   1.0639   0.1455   7.3110   1.0354   0.0573  -0.2777   0.1304  -1.0095  -0.0558
   1.0000   0.0707   3.0000   18.3784   21.3784   1.0913   0.1135   9.6127   1.0576   0.0414  -0.2921   0.1057  -1.0576  -0.0414

 ++++++++++++++++++++++++++++++++++++++++++++++++
 ++++++++++++++++++++++++++++++++++++++++++++++++
 +++++++++++++++++++++++++++++++++++

 NREL-PhaseVI                            ***** XTurb-PSU  -  OUTPUT 3 *****
   Blade Number      BN =  2

   Solidity
   0.0519
                                  +    BLADE ELEMENT MOMENTUM THEORY (BEMT)   +
                                  + Prescribed Wake Method [Chattot, Schmitz] +

  PREDICTION
       VWIND [m/s] RPM [1/min]   PITCH [deg]
      21.0000      72.0000       3.0000

   Number   TSR      PITCH [deg]      CT       CP       CPV      CB       CBV
       10   1.8060   3.0000           0.1066  -0.0254   0.0425  -0.0355  -0.0191

   "Thrust"   >  0      =>      Downwind Direction
   "Torque"   <  0      =>      Energy Extraction 
 (Wind Turbine)   =>   Power = Torque * TSR
   "Bending"  <  0      =>      Flap Bending towards Downwind

   r/R     Chord/R Twist[deg] AOA[deg]  PHI[deg] 
  CL       CD       CL/CD    CThrust  CThrustV
  CTorque  CTorqueV CBending CBendingV
 ------------------------------------------------
 ------------------------------------------------
 -----------------------------------
   0.2500   0.1465  24.8560   30.4828   55.3388   0.9045   0.4234   2.1364   0.8626   0.3482  -0.1258   0.0602  -0.2157  -0.0871
   0.2750   0.1440  21.9732   34.1276   56.1007   0.8491   0.5199   1.6331   0.9051   0.4315  -0.1141   0.0797  -0.2489  -0.1187
   0.3000   0.1414  19.1080   37.7547   56.8627   0.7940   0.6160   1.2889   0.9498   0.5158  -0.0984   0.1010  -0.2850  -0.1547
   0.3250   0.1389  16.9803   39.0433   56.0237   0.7744   0.6501   1.1911   0.9719   0.5391  -0.0906   0.1181  -0.3159  -0.1752
   0.3500   0.1364  15.2840   39.4773   54.7613   0.7678   0.6616   1.1605   0.9834   0.5404  -0.0859   0.1336  -0.3442  -0.1891
   0.3750   0.1339  13.6465   39.7160   53.3625   0.7642   0.6680   1.1440   0.9920   0.5360  -0.0805   0.1495  -0.3720  -0.2010
   0.4000   0.1313  12.2696   39.6395   51.9090   0.7653   0.6659   1.1493   0.9963   0.5241  -0.0766   0.1643  -0.3985  -0.2096
   0.4250   0.1288  11.1749   39.2710   50.4459   0.7709   0.6562   1.1749   0.9969   0.5059  -0.0750   0.1776  -0.4237  -0.2150
   0.4500   0.1263  10.0891   38.9197   49.0088   0.7763   0.6469   1.2001   0.9975   0.4883  -0.0727   0.1909  -0.4489  -0.2197
   0.4750   0.1238   9.2610   38.3379   47.5989   0.7851   0.6315   1.2434   0.9957   0.4663  -0.0731   0.2023  -0.4730  -0.2215
   0.5000   0.1212   8.5110   37.7193   46.2303   0.7945   0.6151   1.2918   0.9938   0.4442  -0.0741   0.2127  -0.4969  -0.2221
   0.5250   0.1187   7.8890   37.0155   44.9045   0.8052   0.5964   1.3501   0.9913   0.4210  -0.0766   0.2218  -0.5205  -0.2210
   0.5500   0.1162   7.3390   36.2857   43.6247   0.8163   0.5771   1.4145   0.9891   0.3982  -0.0800   0.2298  -0.5440  -0.2190
   0.5750   0.1137   6.8225   35.5695   42.3921   0.8272   0.5581   1.4821   0.9872   0.3763  -0.0837   0.2370  -0.5676  -0.2164
   0.6000   0.1111   6.4401   34.7625   41.2027   0.8395   0.5367   1.5640   0.9852   0.3536  -0.0895   0.2423  -0.5911  -0.2121
   0.6250   0.1086   6.0578   34.0015   40.0593   0.8510   0.5166   1.6474   0.9838   0.3325  -0.0952   0.2471  -0.6149  -0.2078
   0.6500   0.1061   5.7490   33.2089   38.9578   0.8631   0.4956   1.7415   0.9827   0.3116  -0.1022   0.2505  -0.6388  -0.2025
   0.6750   0.1035   5.4813   32.4159   37.8973   0.8751   0.4746   1.8440   0.9821   0.2915  -0.1101   0.2528  -0.6629  -0.1968
   0.7000   0.1010   5.2349   31.6408   36.8757   0.8869   0.4540   1.9533   0.9819   0.2725  -0.1183   0.2542  -0.6873  -0.1907
   0.7250   0.0985   5.0263   30.8637   35.8900   0.8987   0.4335   2.0733   0.9822   0.2541  -0.1274   0.2546  -0.7121  -0.1842
   0.7500   0.0960   4.8177   30.1207   34.9384   0.9100   0.4138   2.1992   0.9830   0.2370  -0.1365   0.2544  -0.7372  -0.1777
   0.7750   0.0934   4.6256   29.3913   34.0169   0.9211   0.3945   2.3351   0.9841   0.2207  -0.1460   0.2534  -0.7627  -0.1710
   0.8000   0.0909   4.4350   28.6869   33.1219   0.9318   0.3758   2.4795   0.9857   0.2053  -0.1555   0.2518  -0.7886  -0.1643
   0.8250   0.0884   4.2462   28.0020   32.2481   0.9422   0.3576   2.6344   0.9877   0.1908  -0.1652   0.2495  -0.8148  -0.1574
   0.8500   0.0859   4.0638   27.3243   31.3881   0.9525   0.3397   2.8039   0.9900   0.1769  -0.1752   0.2465  -0.8415  -0.1504
   0.8750   0.0833   3.8818   26.6491   30.5309   0.9628   0.3218   2.9917   0.9928   0.1635  -0.1854   0.2425  -0.8687  -0.1430
   0.9000   0.0808   3.7048   25.9522   29.6569   0.9733   0.3033   3.2087   0.9959   0.1501  -0.1962   0.2373  -0.8963  -0.1351
   0.9250   0.0783   3.5277   25.1987   28.7265   0.9848   0.2834   3.4750   0.9998   0.1362  -0.2079   0.2299  -0.9248  -0.1260
   0.9500   0.0758   3.3470   24.2879   27.6349   0.9986   0.2593   3.8518   1.0050   0.1203  -0.2218   0.2182  -0.9547  -0.1142
   0.9750   0.0732   3.1731   22.7672   25.9403   1.0217   0.2190   4.6660   1.0146   0.0958  -0.2438   0.1920  -0.9892  -0.0934
   1.0000   0.0707   3.0000   21.2457   24.2457   1.0449   0.1787   5.8479   1.0261   0.0734  -0.2662   0.1629  -1.0261  -0.0734

 ++++++++++++++++++++++++++++++++++++++++++++++++
 ++++++++++++++++++++++++++++++++++++++++++++++++
 +++++++++++++++++++++++++++++++++++

 NREL-PhaseVI                            ***** XTurb-PSU  -  OUTPUT 3 *****
   Blade Number      BN =  2

   Solidity
   0.0519
                                  +    BLADE ELEMENT MOMENTUM THEORY (BEMT)   +
                                  + Prescribed Wake Method [Chattot, Schmitz] +

  PREDICTION
       VWIND [m/s] RPM [1/min]   PITCH [deg]
      23.0000      72.0000       3.0000

   Number   TSR      PITCH [deg]      CT       CP       CPV      CB       CBV
       11   1.6489   3.0000           0.0969  -0.0172   0.0391  -0.0319  -0.0210

   "Thrust"   >  0      =>      Downwind Direction
   "Torque"   <  0      =>      Energy Extraction 
 (Wind Turbine)   =>   Power = Torque * TSR
   "Bending"  <  0      =>      Flap Bending towards Downwind

   r/R     Chord/R Twist[deg] AOA[deg]  PHI[deg] 
  CL       CD       CL/CD    CThrust  CThrustV
  CTorque  CTorqueV CBending CBendingV
 ------------------------------------------------
 ------------------------------------------------
 -----------------------------------
   0.2500   0.1465  24.8560   33.0604   57.9164   0.8653   0.4916   1.7600   0.8762   0.4166  -0.1180   0.0653  -0.2190  -0.1041
   0.2750   0.1440  21.9732   36.6258   58.5990   0.8111   0.5861   1.3840   0.9229   0.5003  -0.1064   0.0840  -0.2538  -0.1376
   0.3000   0.1414  19.1080   40.1736   59.2816   0.7572   0.6801   1.1134   0.9715   0.5847  -0.0911   0.1042  -0.2914  -0.1754
   0.3250   0.1389  16.9803   41.4918   58.4721   0.7372   0.7150   1.0310   0.9949   0.6095  -0.0827   0.1215  -0.3234  -0.1981
   0.3500   0.1364  15.2840   41.9733   57.2573   0.7299   0.7278   1.0029   1.0069   0.6121  -0.0771   0.1378  -0.3524  -0.2142
   0.3750   0.1339  13.6465   42.2601   55.9066   0.7255   0.7354   0.9866   1.0156   0.6090  -0.0707   0.1546  -0.3809  -0.2284
   0.4000   0.1313  12.2696   42.2274   54.4970   0.7260   0.7345   0.9885   1.0196   0.5979  -0.0658   0.1706  -0.4078  -0.2392
   0.4250   0.1288  11.1749   41.8967   53.0716   0.7310   0.7257   1.0073   1.0194   0.5801  -0.0630   0.1853  -0.4332  -0.2466
   0.4500   0.1263  10.0891   41.5761   51.6652   0.7359   0.7172   1.0260   1.0190   0.5626  -0.0596   0.2002  -0.4586  -0.2532
   0.4750   0.1238   9.2610   41.0184   50.2794   0.7444   0.7025   1.0597   1.0160   0.5403  -0.0587   0.2132  -0.4826  -0.2566
   0.5000   0.1212   8.5110   40.4175   48.9285   0.7535   0.6865   1.0975   1.0126   0.5176  -0.0585   0.2255  -0.5063  -0.2588
   0.5250   0.1187   7.8890   39.7255   47.6145   0.7640   0.6682   1.1434   1.0086   0.4936  -0.0598   0.2365  -0.5295  -0.2591
   0.5500   0.1162   7.3390   39.0021   46.3411   0.7750   0.6490   1.1941   1.0046   0.4696  -0.0619   0.2464  -0.5525  -0.2583
   0.5750   0.1137   6.8225   38.2874   45.1099   0.7859   0.6301   1.2472   1.0010   0.4464  -0.0644   0.2557  -0.5756  -0.2567
   0.6000   0.1111   6.4401   37.4776   43.9178   0.7982   0.6087   1.3114   0.9971   0.4222  -0.0691   0.2631  -0.5983  -0.2533
   0.6250   0.1086   6.0578   36.7100   42.7677   0.8099   0.5883   1.3765   0.9940   0.3995  -0.0738   0.2699  -0.6213  -0.2497
   0.6500   0.1061   5.7490   35.9075   41.6564   0.8221   0.5671   1.4496   0.9911   0.3769  -0.0798   0.2754  -0.6442  -0.2450
   0.6750   0.1035   5.4813   35.1019   40.5832   0.8343   0.5457   1.5288   0.9886   0.3550  -0.0866   0.2798  -0.6673  -0.2396
   0.7000   0.1010   5.2349   34.3117   39.5466   0.8463   0.5248   1.6126   0.9867   0.3341  -0.0939   0.2833  -0.6907  -0.2339
   0.7250   0.0985   5.0263   33.5176   38.5439   0.8584   0.5038   1.7039   0.9853   0.3139  -0.1021   0.2857  -0.7143  -0.2276
   0.7500   0.0960   4.8177   32.7560   37.5737   0.8699   0.4836   1.7989   0.9844   0.2949  -0.1104   0.2875  -0.7383  -0.2212
   0.7750   0.0934   4.6256   32.0070   36.6326   0.8813   0.4637   1.9005   0.9840   0.2767  -0.1191   0.2884  -0.7626  -0.2144
   0.8000   0.0909   4.4350   31.2822   35.7172   0.8923   0.4445   2.0073   0.9840   0.2595  -0.1280   0.2887  -0.7872  -0.2076
   0.8250   0.0884   4.2462   30.5768   34.8230   0.9031   0.4259   2.1206   0.9845   0.2432  -0.1370   0.2884  -0.8122  -0.2006
   0.8500   0.0859   4.0638   29.8792   33.9430   0.9137   0.4074   2.2428   0.9854   0.2275  -0.1464   0.2873  -0.8376  -0.1933
   0.8750   0.0833   3.8818   29.1855   33.0674   0.9242   0.3890   2.3758   0.9868   0.2122  -0.1560   0.2852  -0.8634  -0.1857
   0.9000   0.0808   3.7048   28.4735   32.1783   0.9350   0.3701   2.5261   0.9885   0.1971  -0.1662   0.2820  -0.8897  -0.1774
   0.9250   0.0783   3.5277   27.7118   31.2395   0.9466   0.3500   2.7049   0.9908   0.1815  -0.1773   0.2768  -0.9165  -0.1679
   0.9500   0.0758   3.3470   26.8093   30.1563   0.9603   0.3261   2.9452   0.9941   0.1638  -0.1905   0.2678  -0.9444  -0.1556
   0.9750   0.0732   3.1731   25.3597   28.5328   0.9823   0.2877   3.4150   1.0004   0.1374  -0.2111   0.2464  -0.9754  -0.1340
   1.0000   0.0707   3.0000   23.9093   26.9093   1.0044   0.2492   4.0299   1.0084   0.1128  -0.2323   0.2222  -1.0084  -0.1128

 ++++++++++++++++++++++++++++++++++++++++++++++++
 ++++++++++++++++++++++++++++++++++++++++++++++++
 +++++++++++++++++++++++++++++++++++

 NREL-PhaseVI                            ***** XTurb-PSU  -  OUTPUT 3 *****
   Blade Number      BN =  2

   Solidity
   0.0519
                                  +    BLADE ELEMENT MOMENTUM THEORY (BEMT)   +
                                  + Prescribed Wake Method [Chattot, Schmitz] +

  PREDICTION
       VWIND [m/s] RPM [1/min]   PITCH [deg]
      25.0000      72.0000       3.0000

   Number   TSR      PITCH [deg]      CT       CP       CPV      CB       CBV
       12   1.5170   3.0000           0.0898  -0.0118   0.0357  -0.0292  -0.0226

   "Thrust"   >  0      =>      Downwind Direction
   "Torque"   <  0      =>      Energy Extraction 
 (Wind Turbine)   =>   Power = Torque * TSR
   "Bending"  <  0      =>      Flap Bending towards Downwind

   r/R     Chord/R Twist[deg] AOA[deg]  PHI[deg] 
  CL       CD       CL/CD    CThrust  CThrustV
  CTorque  CTorqueV CBending CBendingV
 ------------------------------------------------
 ------------------------------------------------
 -----------------------------------
   0.2500   0.1465  24.8560   35.2441   60.1001   0.8321   0.5495   1.5144   0.8912   0.4764  -0.1119   0.0685  -0.2228  -0.1191
   0.2750   0.1440  21.9732   38.7631   60.7363   0.7787   0.6427   1.2115   0.9413   0.5607  -0.1004   0.0864  -0.2589  -0.1542
   0.3000   0.1414  19.1080   42.2644   61.3724   0.7254   0.7355   0.9864   0.9931   0.6456  -0.0853   0.1057  -0.2979  -0.1937
   0.3250   0.1389  16.9803   43.6213   60.6016   0.7048   0.7714   0.9137   1.0181   0.6721  -0.0765   0.1231  -0.3309  -0.2184
   0.3500   0.1364  15.2840   44.1559   59.4399   0.6967   0.7856   0.8869   1.0307   0.6765  -0.0702   0.1398  -0.3607  -0.2368
   0.3750   0.1339  13.6465   44.4961   58.1426   0.6915   0.7946   0.8703   1.0399   0.6749  -0.0630   0.1573  -0.3900  -0.2531
   0.4000   0.1313  12.2696   44.5130   56.7826   0.6913   0.7950   0.8695   1.0438   0.6651  -0.0571   0.1742  -0.4175  -0.2660
   0.4250   0.1288  11.1749   44.2265   55.4014   0.6956   0.7874   0.8834   1.0432   0.6482  -0.0533   0.1900  -0.4434  -0.2755
   0.4500   0.1263  10.0891   43.9439   54.0330   0.6999   0.7800   0.8974   1.0423   0.6313  -0.0488   0.2061  -0.4691  -0.2841
   0.4750   0.1238   9.2610   43.4182   52.6792   0.7079   0.7660   0.9241   1.0384   0.6092  -0.0468   0.2206  -0.4932  -0.2894
   0.5000   0.1212   8.5110   42.8434   51.3544   0.7166   0.7508   0.9545   1.0339   0.5864  -0.0454   0.2344  -0.5170  -0.2932
   0.5250   0.1187   7.8890   42.1719   50.0609   0.7269   0.7330   0.9916   1.0286   0.5620  -0.0455   0.2471  -0.5400  -0.2951
   0.5500   0.1162   7.3390   41.4637   48.8027   0.7376   0.7143   1.0327   1.0233   0.5374  -0.0465   0.2587  -0.5628  -0.2956
   0.5750   0.1137   6.8225   40.7596   47.5822   0.7483   0.6956   1.0758   1.0183   0.5135  -0.0479   0.2698  -0.5855  -0.2953
   0.6000   0.1111   6.4401   39.9562   46.3963   0.7605   0.6743   1.1278   1.0128   0.4883  -0.0514   0.2790  -0.6077  -0.2930
   0.6250   0.1086   6.0578   39.1910   45.2488   0.7722   0.6541   1.1806   1.0081   0.4645  -0.0549   0.2878  -0.6301  -0.2903
   0.6500   0.1061   5.7490   38.3875   44.1365   0.7844   0.6328   1.2396   1.0036   0.4406  -0.0599   0.2952  -0.6523  -0.2864
   0.6750   0.1035   5.4813   37.5779   43.0593   0.7967   0.6113   1.3032   0.9995   0.4174  -0.0657   0.3015  -0.6746  -0.2817
   0.7000   0.1010   5.2349   36.7811   42.0160   0.8088   0.5902   1.3703   0.9959   0.3951  -0.0720   0.3070  -0.6972  -0.2765
   0.7250   0.0985   5.0263   35.9783   41.0045   0.8210   0.5689   1.4430   0.9929   0.3733  -0.0792   0.3113  -0.7198  -0.2706
   0.7500   0.0960   4.8177   35.2059   40.0236   0.8327   0.5485   1.5182   0.9904   0.3527  -0.0866   0.3150  -0.7428  -0.2645
   0.7750   0.0934   4.6256   34.4447   39.0703   0.8443   0.5283   1.5981   0.9885   0.3330  -0.0945   0.3179  -0.7661  -0.2581
   0.8000   0.0909   4.4350   33.7067   38.1417   0.8555   0.5088   1.6815   0.9871   0.3142  -0.1026   0.3201  -0.7896  -0.2514
   0.8250   0.0884   4.2462   32.9873   37.2335   0.8664   0.4897   1.7693   0.9861   0.2963  -0.1108   0.3217  -0.8136  -0.2445
   0.8500   0.0859   4.0638   32.2758   36.3396   0.8772   0.4709   1.8630   0.9857   0.2790  -0.1195   0.3224  -0.8378  -0.2372
   0.8750   0.0833   3.8818   31.5691   35.4509   0.8880   0.4521   1.9639   0.9856   0.2622  -0.1284   0.3223  -0.8624  -0.2295
   0.9000   0.0808   3.7048   30.8463   34.5511   0.8990   0.4330   2.0761   0.9860   0.2456  -0.1379   0.3210  -0.8874  -0.2210
   0.9250   0.0783   3.5277   30.0792   33.6069   0.9106   0.4127   2.2066   0.9868   0.2284  -0.1483   0.3179  -0.9128  -0.2113
   0.9500   0.0758   3.3470   29.1846   32.5316   0.9242   0.3890   2.3760   0.9884   0.2092  -0.1606   0.3115  -0.9390  -0.1987
   0.9750   0.0732   3.1731   27.7924   30.9655   0.9454   0.3521   2.6850   0.9918   0.1812  -0.1799   0.2944  -0.9670  -0.1766
   1.0000   0.0707   3.0000   26.3994   29.3994   0.9665   0.3152   3.0665   0.9968   0.1547  -0.1999   0.2746  -0.9968  -0.1547
